210
210
210
210
210
205
205
205
205
205
212
212
212
212
212
217
217
217
217
217
217
207
207
207
207
207
212
212
212
212
212
210
210
210
210
210
210
216
216
216
216
216
206
206
206
206
206
205
205
205
205
205
205
214
214
214
214
214
209
209
209
209
209
208
208
208
208
208
208
213
213
213
213
213
218
218
218
218
218
218
218
218
218
218
218
210
210
210
210
210
207
207
207
207
207
208
208
208
208
208
208
217
217
217
217
217
206
206
206
206
206
224
224
224
224
224
224
220
220
220
220
220
216
216
216
216
216
217
217
217
217
217
217
214
214
214
214
214
206
206
206
206
206
205
205
205
205
205
205
216
216
216
216
216
227
227
227
227
227
220
220
220
220
220
220
208
208
208
208
208
203
203
203
203
203
212
212
212
212
212
212
208
208
208
208
208
217
217
217
217
217
205
205
205
205
205
205
211
211
211
211
211
209
209
209
209
209
210
210
210
210
210
210
210
210
210
210
210
213
213
213
213
213
223
223
223
223
223
223
220
220
220
220
220
221
221
221
221
221
202
202
202
202
202
202
215
215
215
215
215
228
228
228
228
228
210
210
210
210
210
210
222
222
222
222
222
224
224
224
224
224
214
214
214
214
214
214
206
206
206
206
206
213
213
213
213
213
217
217
217
217
217
217
210
210
210
210
210
215
215
215
215
215
198
198
198
198
198
198
202
202
202
202
202
191
191
191
191
191
194
194
194
194
194
194
186
186
186
186
186
197
197
197
197
197
192
192
192
192
192
192
189
189
189
189
189
197
197
197
197
197
202
202
202
202
202
202
205
205
205
205
205
225
225
225
225
225
238
238
238
238
238
238
245
245
245
245
245
280
280
280
280
280
296
296
296
296
296
296
283
283
283
283
283
272
272
272
272
272
252
252
252
252
252
252
251
251
251
251
251
218
218
218
218
218
217
217
217
217
217
217
206
206
206
206
206
196
196
196
196
196
193
193
193
193
193
193
192
192
192
192
192
186
186
186
186
186
199
199
199
199
199
199
204
204
204
204
204
196
196
196
196
196
196
196
196
196
196
196
205
205
205
205
205
203
203
203
203
203
210
210
210
210
210
210
216
216
216
216
216
226
226
226
226
226
231
231
231
231
231
231
220
220
220
220
220
229
229
229
229
229
212
212
212
212
212
212
214
214
214
214
214
199
199
199
199
199
198
198
198
198
198
198
201
201
201
201
201
193
193
193
193
193
197
197
197
197
197
197
199
199
199
199
199
196
196
196
196
196
195
195
195
195
195
195
203
203
203
203
203
212
212
212
212
212
216
216
216
216
216
216
202
202
202
202
202
210
210
210
210
210
218
218
218
218
218
218
209
209
209
209
209
196
196
196
196
196
199
199
199
199
199
199
194
194
194
194
194
201
201
201
201
201
194
194
194
194
194
194
200
200
200
200
200
191
191
191
191
191
194
194
194
194
194
194
190
190
190
190
190
186
186
186
186
186
195
195
195
195
195
195
183
183
183
183
183
186
186
186
186
186
180
180
180
180
180
180
181
181
181
181
181
188
188
188
188
188
177
177
177
177
177
177
181
181
181
181
181
182
182
182
182
182
190
190
190
190
190
190
200
200
200
200
200
225
225
225
225
225
296
296
296
296
296
296
1088
1088
1088
1088
1088
2701
2701
2701
2701
2701
4028
4028
4028
4028
4028
4028
4095
4095
4095
4095
4095
4095
4095
4095
4095
4095
4095
4095
4095
4095
4095
4095
2962
2962
2962
2962
2962
1253
1253
1253
1253
1253
293
293
293
293
293
293
226
226
226
226
226
203
203
203
203
203
202
202
202
202
202
202
202
202
202
202
202
212
212
212
212
212
216
216
216
216
216
216
269
269
269
269
269
372
372
372
372
372
632
632
632
632
632
632
844
844
844
844
844
805
805
805
805
805
657
657
657
657
657
657
472
472
472
472
472
363
363
363
363
363
292
292
292
292
292
292
348
348
348
348
348
464
464
464
464
464
780
780
780
780
780
780
1161
1161
1161
1161
1161
1498
1498
1498
1498
1498
1608
1608
1608
1608
1608
1608
1337
1337
1337
1337
1337
719
719
719
719
719
295
295
295
295
295
295
231
231
231
231
231
200
200
200
200
200
182
182
182
182
182
182
171
171
171
171
171
171
171
171
171
171
174
174
174
174
174
174
181
181
181
181
181
181
181
181
181
181
183
183
183
183
183
183
192
192
192
192
192
202
202
202
202
202
200
200
200
200
200
200
196
196
196
196
196
204
204
204
204
204
194
194
194
194
194
194
199
199
199
199
199
193
193
193
193
193
184
184
184
184
184
184
181
181
181
181
181
180
180
180
180
180
181
181
181
181
181
181
190
190
190
190
190
203
203
203
203
203
228
228
228
228
228
228
259
259
259
259
259
439
439
439
439
439
1318
1318
1318
1318
1318
1318
2281
2281
2281
2281
2281
2993
2993
2993
2993
2993
3316
3316
3316
3316
3316
3316
3253
3253
3253
3253
3253
2767
2767
2767
2767
2767
2031
2031
2031
2031
2031
2031
1158
1158
1158
1158
1158
416
416
416
416
416
284
284
284
284
284
284
236
236
236
236
236
217
217
217
217
217
202
202
202
202
202
202
191
191
191
191
191
196
196
196
196
196
184
184
184
184
184
184
182
182
182
182
182
189
189
189
189
189
181
181
181
181
181
181
187
187
187
187
187
192
192
192
192
192
208
208
208
208
208
208
231
231
231
231
231
319
319
319
319
319
784
784
784
784
784
784
1633
1633
1633
1633
1633
2316
2316
2316
2316
2316
2522
2522
2522
2522
2522
2522
2357
2357
2357
2357
2357
1888
1888
1888
1888
1888
1186
1186
1186
1186
1186
1186
513
513
513
513
513
306
306
306
306
306
238
238
238
238
238
238
220
220
220
220
220
213
213
213
213
213
206
206
206
206
206
206
195
195
195
195
195
196
196
196
196
196
199
199
199
199
199
199
188
188
188
188
188
197
197
197
197
197
182
182
182
182
182
182
179
179
179
179
179
176
176
176
176
176
177
177
177
177
177
177
173
173
173
173
173
175
175
175
175
175
185
185
185
185
185
185
193
193
193
193
193
201
201
201
201
201
219
219
219
219
219
219
255
255
255
255
255
329
329
329
329
329
588
588
588
588
588
588
966
966
966
966
966
1255
1255
1255
1255
1255
1320
1320
1320
1320
1320
1320
1181
1181
1181
1181
1181
825
825
825
825
825
450
450
450
450
450
450
304
304
304
304
304
240
240
240
240
240
214
214
214
214
214
214
207
207
207
207
207
201
201
201
201
201
199
199
199
199
199
199
195
195
195
195
195
191
191
191
191
191
190
190
190
190
190
190
195
195
195
195
195
199
199
199
199
199
208
208
208
208
208
208
209
209
209
209
209
206
206
206
206
206
208
208
208
208
208
208
209
209
209
209
209
208
208
208
208
208
206
206
206
206
206
206
208
208
208
208
208
217
217
217
217
217
205
205
205
205
205
205
207
207
207
207
207
208
208
208
208
208
215
215
215
215
215
215
221
221
221
221
221
226
226
226
226
226
212
212
212
212
212
212
235
235
235
235
235
212
212
212
212
212
203
203
203
203
203
203
225
225
225
225
225
217
217
217
217
217
200
200
200
200
200
200
207
207
207
207
207
200
200
200
200
200
199
199
199
199
199
199
196
196
196
196
196
198
198
198
198
198
204
204
204
204
204
204
223
223
223
223
223
212
212
212
212
212
250
250
250
250
250
250
297
297
297
297
297
427
427
427
427
427
780
780
780
780
780
780
1195
1195
1195
1195
1195
1612
1612
1612
1612
1612
1829
1829
1829
1829
1829
1829
1925
1925
1925
1925
1925
1861
1861
1861
1861
1861
1665
1665
1665
1665
1665
1665
1297
1297
1297
1297
1297
872
872
872
872
872
468
468
468
468
468
468
300
300
300
300
300
260
260
260
260
260
225
225
225
225
225
225
220
220
220
220
220
205
205
205
205
205
196
196
196
196
196
196
200
200
200
200
200
205
205
205
205
205
199
199
199
199
199
199
225
225
225
225
225
235
235
235
235
235
264
264
264
264
264
264
351
351
351
351
351
495
495
495
495
495
593
593
593
593
593
593
534
534
534
534
534
372
372
372
372
372
268
268
268
268
268
268
239
239
239
239
239
210
210
210
210
210
207
207
207
207
207
207
193
193
193
193
193
190
190
190
190
190
192
192
192
192
192
192
191
191
191
191
191
195
195
195
195
195
208
208
208
208
208
208
204
204
204
204
204
217
217
217
217
217
240
240
240
240
240
240
244
244
244
244
244
244
244
244
244
244
249
249
249
249
249
249
266
266
266
266
266
261
261
261
261
261
258
258
258
258
258
258
259
259
259
259
259
265
265
265
265
265
255
255
255
255
255
255
254
254
254
254
254
244
244
244
244
244
225
225
225
225
225
225
220
220
220
220
220
217
217
217
217
217
219
219
219
219
219
219
209
209
209
209
209
191
191
191
191
191
197
197
197
197
197
197
210
210
210
210
210
218
218
218
218
218
230
230
230
230
230
230
266
266
266
266
266
353
353
353
353
353
604
604
604
604
604
604
861
861
861
861
861
930
930
930
930
930
728
728
728
728
728
728
396
396
396
396
396
284
284
284
284
284
231
231
231
231
231
231
221
221
221
221
221
207
207
207
207
207
200
200
200
200
200
200
204
204
204
204
204
206
206
206
206
206
207
207
207
207
207
207
229
229
229
229
229
241
241
241
241
241
284
284
284
284
284
284
301
301
301
301
301
299
299
299
299
299
283
283
283
283
283
283
271
271
271
271
271
241
241
241
241
241
222
222
222
222
222
222
239
239
239
239
239
218
218
218
218
218
219
219
219
219
219
219
218
218
218
218
218
239
239
239
239
239
238
238
238
238
238
238
243
243
243
243
243
249
249
249
249
249
264
264
264
264
264
264
253
253
253
253
253
253
253
253
253
253
228
228
228
228
228
228
224
224
224
224
224
212
212
212
212
212
220
220
220
220
220
220
213
213
213
213
213
218
218
218
218
218
224
224
224
224
224
224
228
228
228
228
228
236
236
236
236
236
253
253
253
253
253
253
250
250
250
250
250
262
262
262
262
262
256
256
256
256
256
256
254
254
254
254
254
242
242
242
242
242
236
236
236
236
236
236
221
221
221
221
221
211
211
211
211
211
201
201
201
201
201
201
201
201
201
201
201
207
207
207
207
207
206
206
206
206
206
206
209
209
209
209
209
215
215
215
215
215
220
220
220
220
220
220
208
208
208
208
208
226
226
226
226
226
225
225
225
225
225
225
227
227
227
227
227
217
217
217
217
217
216
216
216
216
216
216
215
215
215
215
215
221
221
221
221
221
214
214
214
214
214
214
220
220
220
220
220
222
222
222
222
222
224
224
224
224
224
224
222
222
222
222
222
219
219
219
219
219
220
220
220
220
220
220
220
220
220
220
220
211
211
211
211
211
212
212
212
212
212
212
210
210
210
210
210
211
211
211
211
211
203
203
203
203
203
203
213
213
213
213
213
202
202
202
202
202
192
192
192
192
192
192
206
206
206
206
206
221
221
221
221
221
223
223
223
223
223
223
218
218
218
218
218
218
218
218
218
218
232
232
232
232
232
232
243
243
243
243
243
240
240
240
240
240
256
256
256
256
256
256
245
245
245
245
245
245
245
245
245
245
252
252
252
252
252
252
265
265
265
265
265
256
256
256
256
256
243
243
243
243
243
243
237
237
237
237
237
240
240
240
240
240
238
238
238
238
238
238
228
228
228
228
228
235
235
235
235
235
243
243
243
243
243
243
233
233
233
233
233
233
233
233
233
233
229
229
229
229
229
229
234
234
234
234
234
234
234
234
234
234
233
233
233
233
233
233
227
227
227
227
227
231
231
231
231
231
227
227
227
227
227
227
228
228
228
228
228
219
219
219
219
219
210
210
210
210
210
210
221
221
221
221
221
219
219
219
219
219
214
214
214
214
214
214
214
214
214
214
214
219
219
219
219
219
217
217
217
217
217
217
218
218
218
218
218
213
213
213
213
213
223
223
223
223
223
223
221
221
221
221
221
233
233
233
233
233
224
224
224
224
224
224
232
232
232
232
232
238
238
238
238
238
242
242
242
242
242
242
246
246
246
246
246
245
245
245
245
245
244
244
244
244
244
244
234
234
234
234
234
228
228
228
228
228
231
231
231
231
231
231
221
221
221
221
221
209
209
209
209
209
208
208
208
208
208
208
218
218
218
218
218
215
215
215
215
215
225
225
225
225
225
225
219
219
219
219
219
231
231
231
231
231
238
238
238
238
238
238
237
237
237
237
237
249
249
249
249
249
255
255
255
255
255
255
256
256
256
256
256
271
271
271
271
271
260
260
260
260
260
260
250
250
250
250
250
240
240
240
240
240
237
237
237
237
237
237
228
228
228
228
228
218
218
218
218
218
216
216
216
216
216
216
220
220
220
220
220
219
219
219
219
219
214
214
214
214
214
214
204
204
204
204
204
210
210
210
210
210
225
225
225
225
225
225
220
220
220
220
220
222
222
222
222
222
224
224
224
224
224
224
224
224
224
224
224
241
241
241
241
241
237
237
237
237
237
237
225
225
225
225
225
239
239
239
239
239
243
243
243
243
243
243
245
245
245
245
245
237
237
237
237
237
231
231
231
231
231
231
233
233
233
233
233
218
218
218
218
218
211
211
211
211
211
211
208
208
208
208
208
209
209
209
209
209
210
210
210
210
210
210
211
211
211
211
211
220
220
220
220
220
219
219
219
219
219
219
230
230
230
230
230
234
234
234
234
234
238
238
238
238
238
238
251
251
251
251
251
232
232
232
232
232
243
243
243
243
243
243
226
226
226
226
226
229
229
229
229
229
250
250
250
250
250
250
250
250
250
250
250
235
235
235
235
235
270
270
270
270
270
270
313
313
313
313
313
342
342
342
342
342
373
373
373
373
373
373
331
331
331
331
331
277
277
277
277
277
259
259
259
259
259
259
227
227
227
227
227
213
213
213
213
213
210
210
210
210
210
210
206
206
206
206
206
205
205
205
205
205
227
227
227
227
227
227
239
239
239
239
239
281
281
281
281
281
361
361
361
361
361
361
575
575
575
575
575
746
746
746
746
746
685
685
685
685
685
685
454
454
454
454
454
283
283
283
283
283
248
248
248
248
248
248
212
212
212
212
212
207
207
207
207
207
200
200
200
200
200
200
199
199
199
199
199
191
191
191
191
191
203
203
203
203
203
203
204
204
204
204
204
215
215
215
215
215
223
223
223
223
223
223
241
241
241
241
241
236
236
236
236
236
238
238
238
238
238
238
226
226
226
226
226
221
221
221
221
221
216
216
216
216
216
216
205
205
205
205
205
208
208
208
208
208
199
199
199
199
199
199
196
196
196
196
196
205
205
205
205
205
222
222
222
222
222
222
243
243
243
243
243
254
254
254
254
254
274
274
274
274
274
274
282
282
282
282
282
253
253
253
253
253
246
246
246
246
246
246
225
225
225
225
225
198
198
198
198
198
201
201
201
201
201
201
198
198
198
198
198
200
200
200
200
200
204
204
204
204
204
204
211
211
211
211
211
218
218
218
218
218
228
228
228
228
228
228
229
229
229
229
229
234
234
234
234
234
252
252
252
252
252
252
266
266
266
266
266
242
242
242
242
242
257
257
257
257
257
257
242
242
242
242
242
237
237
237
237
237
239
239
239
239
239
239
229
229
229
229
229
218
218
218
218
218
218
218
218
218
218
218
208
208
208
208
208
208
208
208
208
208
224
224
224
224
224
224
207
207
207
207
207
207
207
207
207
207
199
199
199
199
199
199
213
213
213
213
213
204
204
204
204
204
205
205
205
205
205
205
217
217
217
217
217
202
202
202
202
202
209
209
209
209
209
209
212
212
212
212
212
226
226
226
226
226
222
222
222
222
222
222
219
219
219
219
219
235
235
235
235
235
233
233
233
233
233
233
221
221
221
221
221
221
221
221
221
221
221
221
221
221
221
221
208
208
208
208
208
214
214
214
214
214
206
206
206
206
206
206
207
207
207
207
207
208
208
208
208
208
207
207
207
207
207
207
213
213
213
213
213
221
221
221
221
221
226
226
226
226
226
226
218
218
218
218
218
217
217
217
217
217
218
218
218
218
218
218
220
220
220
220
220
225
225
225
225
225
219
219
219
219
219
219
215
215
215
215
215
226
226
226
226
226
230
230
230
230
230
230
234
234
234
234
234
228
228
228
228
228
234
234
234
234
234
234
230
230
230
230
230
236
236
236
236
236
241
241
241
241
241
241
224
224
224
224
224
215
215
215
215
215
215
215
215
215
215
215
206
206
206
206
206
222
222
222
222
222
219
219
219
219
219
219
233
233
233
233
233
243
243
243
243
243
261
261
261
261
261
261
260
260
260
260
260
264
264
264
264
264
273
273
273
273
273
273
254
254
254
254
254
247
247
247
247
247
238
238
238
238
238
238
227
227
227
227
227
222
222
222
222
222
224
224
224
224
224
224
215
215
215
215
215
225
225
225
225
225
225
225
225
225
225
225
228
228
228
228
228
239
239
239
239
239
241
241
241
241
241
241
247
247
247
247
247
241
241
241
241
241
240
240
240
240
240
240
236
236
236
236
236
229
229
229
229
229
230
230
230
230
230
230
227
227
227
227
227
235
235
235
235
235
231
231
231
231
231
231
228
228
228
228
228
230
230
230
230
230
236
236
236
236
236
236
246
246
246
246
246
251
251
251
251
251
249
249
249
249
249
249
245
245
245
245
245
252
252
252
252
252
243
243
243
243
243
243
236
236
236
236
236
237
237
237
237
237
228
228
228
228
228
228
223
223
223
223
223
209
209
209
209
209
215
215
215
215
215
215
209
209
209
209
209
210
210
210
210
210
217
217
217
217
217
217
217
217
217
217
217
223
223
223
223
223
237
237
237
237
237
237
244
244
244
244
244
256
256
256
256
256
276
276
276
276
276
276
278
278
278
278
278
272
272
272
272
272
259
259
259
259
259
259
255
255
255
255
255
238
238
238
238
238
225
225
225
225
225
225
214
214
214
214
214
212
212
212
212
212
209
209
209
209
209
209
215
215
215
215
215
208
208
208
208
208
212
212
212
212
212
212
215
215
215
215
215
226
226
226
226
226
234
234
234
234
234
234
238
238
238
238
238
251
251
251
251
251
260
260
260
260
260
260
241
241
241
241
241
243
243
243
243
243
238
238
238
238
238
238
232
232
232
232
232
224
224
224
224
224
220
220
220
220
220
220
225
225
225
225
225
220
220
220
220
220
220
220
220
220
220
220
219
219
219
219
219
226
226
226
226
226
232
232
232
232
232
232
245
245
245
245
245
240
240
240
240
240
239
239
239
239
239
239
240
240
240
240
240
242
242
242
242
242
237
237
237
237
237
237
231
231
231
231
231
221
221
221
221
221
220
220
220
220
220
220
219
219
219
219
219
216
216
216
216
216
211
211
211
211
211
211
222
222
222
222
222
208
208
208
208
208
214
214
214
214
214
214
211
211
211
211
211
218
218
218
218
218
218
218
218
218
218
218
224
224
224
224
224
228
228
228
228
228
228
228
228
228
228
228
233
233
233
233
233
228
228
228
228
228
236
236
236
236
236
236
231
231
231
231
231
231
231
231
231
231
220
220
220
220
220
220
224
224
224
224
224
216
216
216
216
216
208
208
208
208
208
208
209
209
209
209
209
203
203
203
203
203
206
206
206
206
206
206
203
203
203
203
203
206
206
206
206
206
207
207
207
207
207
207
214
214
214
214
214
218
218
218
218
218
225
225
225
225
225
225
236
236
236
236
236
244
244
244
244
244
236
236
236
236
236
236
239
239
239
239
239
229
229
229
229
229
222
222
222
222
222
222
226
226
226
226
226
217
217
217
217
217
213
213
213
213
213
213
212
212
212
212
212
212
212
212
212
212
215
215
215
215
215
215
213
213
213
213
213
217
217
217
217
217
213
213
213
213
213
213
216
216
216
216
216
216
216
216
216
216
213
213
213
213
213
213
221
221
221
221
221
229
229
229
229
229
223
223
223
223
223
223
225
225
225
225
225
227
227
227
227
227
224
224
224
224
224
224
220
220
220
220
220
217
217
217
217
217
217
217
217
217
217
217
210
210
210
210
210
207
207
207
207
207
209
209
209
209
209
209
213
213
213
213
213
207
207
207
207
207
215
215
215
215
215
215
208
208
208
208
208
219
219
219
219
219
229
229
229
229
229
229
235
235
235
235
235
236
236
236
236
236
231
231
231
231
231
231
234
234
234
234
234
234
234
234
234
234
228
228
228
228
228
228
231
231
231
231
231
221
221
221
221
221
224
224
224
224
224
224
223
223
223
223
223
225
225
225
225
225
221
221
221
221
221
221
220
220
220
220
220
215
215
215
215
215
218
218
218
218
218
218
216
216
216
216
216
213
213
213
213
213
227
227
227
227
227
227
224
224
224
224
224
228
228
228
228
228
234
234
234
234
234
234
234
234
234
234
234
234
234
234
234
234
230
230
230
230
230
230
243
243
243
243
243
230
230
230
230
230
234
234
234
234
234
234
225
225
225
225
225
232
232
232
232
232
227
227
227
227
227
227
228
228
228
228
228
233
233
233
233
233
239
239
239
239
239
239
236
236
236
236
236
242
242
242
242
242
226
226
226
226
226
226
224
224
224
224
224
222
222
222
222
222
223
223
223
223
223
223
213
213
213
213
213
213
213
213
213
213
213
213
213
213
213
213
213
213
213
213
213
213
213
213
213
213
218
218
218
218
218
218
236
236
236
236
236
236
236
236
236
236
242
242
242
242
242
242
245
245
245
245
245
247
247
247
247
247
248
248
248
248
248
248
239
239
239
239
239
244
244
244
244
244
234
234
234
234
234
234
232
232
232
232
232
220
220
220
220
220
227
227
227
227
227
227
228
228
228
228
228
227
227
227
227
227
227
227
227
227
227
227
221
221
221
221
221
219
219
219
219
219
226
226
226
226
226
226
216
216
216
216
216
226
226
226
226
226
227
227
227
227
227
227
232
232
232
232
232
230
230
230
230
230
234
234
234
234
234
234
239
239
239
239
239
246
246
246
246
246
232
232
232
232
232
232
240
240
240
240
240
232
232
232
232
232
222
222
222
222
222
222
221
221
221
221
221
207
207
207
207
207
218
218
218
218
218
218
214
214
214
214
214
221
221
221
221
221
216
216
216
216
216
216
215
215
215
215
215
233
233
233
233
233
228
228
228
228
228
228
247
247
247
247
247
251
251
251
251
251
230
230
230
230
230
230
254
254
254
254
254
227
227
227
227
227
217
217
217
217
217
217
224
224
224
224
224
214
214
214
214
214
214
214
214
214
214
214
206
206
206
206
206
221
221
221
221
221
227
227
227
227
227
227
224
224
224
224
224
241
241
241
241
241
227
227
227
227
227
227
238
238
238
238
238
241
241
241
241
241
226
226
226
226
226
226
227
227