325
325
325
325
296
296
296
296
296
296
277
277
277
277
277
259
259
259
259
259
248
248
248
248
248
248
240
240
240
240
240
233
233
233
233
233
235
235
235
235
235
235
236
236
236
236
236
240
240
240
240
240
236
236
236
236
236
236
234
234
234
234
234
237
237
237
237
237
241
241
241
241
241
241
246
246
246
246
246
247
247
247
247
247
244
244
244
244
244
244
214
214
214
214
214
234
234
234
234
234
219
219
219
219
219
219
216
216
216
216
216
199
199
199
199
199
201
201
201
201
201
201
196
196
196
196
196
194
194
194
194
194
193
193
193
193
193
193
187
187
187
187
187
186
186
186
186
186
184
184
184
184
184
184
184
184
184
184
184
185
185
185
185
185
185
185
185
185
185
185
189
189
189
189
189
184
184
184
184
184
184
184
184
184
184
184
198
198
198
198
198
192
192
192
192
192
194
194
194
194
194
194
186
186
186
186
186
200
200
200
200
200
198
198
198
198
198
198
199
199
199
199
199
199
199
199
199
199
199
199
199
199
199
199
208
208
208
208
208
204
204
204
204
204
212
212
212
212
212
212
209
209
209
209
209
217
217
217
217
217
216
216
216
216
216
216
235
235
235
235
235
222
222
222
222
222
240
240
240
240
240
240
243
243
243
243
243
265
265
265
265
265
287
287
287
287
287
287
335
335
335
335
335
405
405
405
405
405
422
422
422
422
422
422
436
436
436
436
436
416
416
416
416
416
382
382
382
382
382
382
357
357
357
357
357
332
332
332
332
332
299
299
299
299
299
299
280
280
280
280
280
284
284
284
284
284
263
263
263
263
263
263
251
251
251
251
251
243
243
243
243
243
228
228
228
228
228
228
213
213
213
213
213
204
204
204
204
204
200
200
200
200
200
200
188
188
188
188
188
194
194
194
194
194
192
192
192
192
192
192
191
191
191
191
191
189
189
189
189
189
189
189
189
189
189
189
203
203
203
203
203
192
192
192
192
192
190
190
190
190
190
190
187
187
187
187
187
191
191
191
191
191
189
189
189
189
189
189
186
186
186
186
186
182
182
182
182
182
184
184
184
184
184
184
186
186
186
186
186
178
178
178
178
178
188
188
188
188
188
188
184
184
184
184
184
190
190
190
190
190
199
199
199
199
199
199
200
200
200
200
200
210
210
210
210
210
222
222
222
222
222
222
233
233
233
233
233
242
242
242
242
242
255
255
255
255
255
255
271
271
271
271
271
262
262
262
262
262
274
274
274
274
274
274
280
280
280
280
280
279
279
279
279
279
268
268
268
268
268
268
303
303
303
303
303
318
318
318
318
318
367
367
367
367
367
367
389
389
389
389
389
457
457
457
457
457
625
625
625
625
625
625
707
707
707
707
707
790
790
790
790
790
726
726
726
726
726
726
680
680
680
680
680
494
494
494
494
494
367
367
367
367
367
367
295
295
295
295
295
254
254
254
254
254
251
251
251
251
251
251
221
221
221
221
221
211
211
211
211
211
198
198
198
198
198
198
187
187
187
187
187
183
183
183
183
183
189
189
189
189
189
189
182
182
182
182
182
189
189
189
189
189
189
189
189
189
189
189
188
188
188
188
188
190
190
190
190
190
196
196
196
196
196
196
198
198
198
198
198
205
205
205
205
205
230
230
230
230
230
230
253
253
253
253
253
279
279
279
279
279
385
385
385
385
385
385
684
684
684
684
684
1108
1108
1108
1108
1108
1470
1470
1470
1470
1470
1470
1681
1681
1681
1681
1681
1578
1578
1578
1578
1578
1237
1237
1237
1237
1237
1237
628
628
628
628
628
287
287
287
287
287
215
215
215
215
215
215
203
203
203
203
203
183
183
183
183
183
180
180
180
180
180
180
177
177
177
177
177
181
181
181
181
181
174
174
174
174
174
174
179
179
179
179
179
178
178
178
178
178
184
184
184
184
184
184
197
197
197
197
197
220
220
220
220
220
283
283
283
283
283
283
656
656
656
656
656
1519
1519
1519
1519
1519
2238
2238
2238
2238
2238
2238
2532
2532
2532
2532
2532
2365
2365
2365
2365
2365
1738
1738
1738
1738
1738
1738
907
907
907
907
907
310
310
310
310
310
232
232
232
232
232
232
202
202
202
202
202
192
192
192
192
192
186
186
186
186
186
186
180
180
180
180
180
176
176
176
176
176
178
178
178
178
178
178
181
181
181
181
181
184
184
184
184
184
190
190
190
190
190
190
195
195
195
195
195
205
205
205
205
205
223
223
223
223
223
223
236
236
236
236
236
248
248
248
248
248
243
243
243
243
243
243
249
249
249
249
249
263
263
263
263
263
289
289
289
289
289
289
349
349
349
349
349
539
539
539
539
539
906
906
906
906
906
906
1309
1309
1309
1309
1309
1549
1549
1549
1549
1549
1504
1504
1504
1504
1504
1504
1206
1206
1206
1206
1206
819
819
819
819
819
504
504
504
504
504
504
337
337
337
337
337
284
284
284
284
284
256
256
256
256
256
256
247
247
247
247
247
244
244
244
244
244
250
250
250
250
250
250
266
266
266
266
266
292
292
292
292
292
324
324
324
324
324
324
367
367
367
367
367
413
413
413
413
413
495
495
495
495
495
495
574
574
574
574
574
526
526
526
526
526
452
452
452
452
452
452
353
353
353
353
353
284
284
284
284
284
245
245
245
245
245
245
213
213
213
213
213
198
198
198
198
198
196
196
196
196
196
196
189
189
189
189
189
178
178
178
178
178
183
183
183
183
183
183
185
185
185
185
185
187
187
187
187
187
191
191
191
191
191
191
206
206
206
206
206
204
204
204
204
204
219
219
219
219
219
219
229
229
229
229
229
253
253
253
253
253
269
269
269
269
269
269
261
261
261
261
261
252
252
252
252
252
241
241
241
241
241
241
244
244
244
244
244
231
231
231
231
231
226
226
226
226
226
226
220
220
220
220
220
227
227
227
227
227
230
230
230
230
230
230
235
235
235
235
235
250
250
250
250
250
249
249
249
249
249
249
258
258
258
258
258
287
287
287
287
287
314
314
314
314
314
314
339
339
339
339
339
325
325
325
325
325
317
317
317
317
317
317
310
310
310
310
310
309
309
309
309
309
294
294
294
294
294
294
263
263
263
263
263
247
247
247
247
247
234
234
234
234
234
234
227
227
227
227
227
222
222
222
222
222
223
223
223
223
223
223
228
228
228
228
228
244
244
244
244
244
255
255
255
255
255
255
265
265
265
265
265
286
286
286
286
286
314
314
314
314
314
314
311
311
311
311
311
318
318
318
318
318
291
291
291
291
291
291
272
272
272
272
272
272
272
272
272
272
268
268
268
268
268
268
266
266
266
266
266
263
263
263
263
263
255
255
255
255
255
255
252
252
252
252
252
259
259
259
259
259
271
271
271
271
271
271
273
273
273
273
273
284
284
284
284
284
299
299
299
299
299
299
312
312
312
312
312
349
349
349
349
349
401
401
401
401
401
401
418
418
418
418
418
361
361
361
361
361
314
314
314
314
314
314
278
278
278
278
278
253
253
253
253
253
244
244
244
244
244
244
238
238
238
238
238
237
237
237
237
237
233
233
233
233
233
233
226
226
226
226
226
239
239
239
239
239
257
257
257
257
257
257
260
260
260
260
260
263
263
263
263
263
253
253
253
253
253
253
261
261
261
261
261
253
253
253
253
253
249
249
249
249
249
249
245
245
245
245
245
243
243
243
243
243
241
241
241
241
241
241
239
239
239
239
239
239
239
239
239
239
238
238
238
238
238
238
244
244
244
244
244
239
239
239
239
239
235
235
235
235
235
235
229
229
229
229
229
230
230
230
230
230
225
225
225
225
225
225
226
226
226
226
226
227
227
227
227
227
225
225
225
225
225
225
226
226
226
226
226
239
239
239
239
239
239
239
239
239
239
239
239
239
239
239
239
239
239
239
239
239
234
234
234
234
234
234
233
233
233
233
233
231
231
231
231
231
228
228
228
228
228
228
229
229
229
229
229
221
221
221
221
221
219
219
219
219
219
219
217
217
217
217
217
224
224
224
224
224
227
227
227
227
227
227
226
226
226
226
226
225
225
225
225
225
230
230
230
230
230
230
230
230
230
230
230
242
242
242
242
242
240
240
240
240
240
240
238
238
238
238
238
251
251
251
251
251
269
269
269
269
269
269
270
270
270
270
270
268
268
268
268
268
249
249
249
249
249
249
256
256
256
256
256
247
247
247
247
247
243
243
243
243
243
243
241
241
241
241
241
231
231
231
231
231
224
224
224
224
224
224
226
226
226
226
226
236
236
236
236
236
232
232
232
232
232
232
236
236
236
236
236
232
232
232
232
232
247
247
247
247
247
247
251
251
251
251
251
257
257
257
257
257
249
249
249
249
249
249
266
266
266
266
266
259
259
259
259
259
245
245
245
245
245
245
238
238
238
238
238
250
250
250
250
250
244
244
244
244
244
244
249
249
249
249
249
255
255
255
255
255
270
270
270
270
270
270
254
254
254
254
254
267
267
267
267
267
260
260
260
260
260
260
243
243
243
243
243
233
233
233
233
233
228
228
228
228
228
228
228
228
228
228
228
227
227
227
227
227
232
232
232
232
232
232
237
237
237
237
237
246
246
246
246
246
266
266
266
266
266
266
273
273
273
273
273
289
289
289
289
289
288
288
288
288
288
288
286
286
286
286
286
254
254
254
254
254
257
257
257
257
257
257
228
228
228
228
228
226
226
226
226
226
217
217
217
217
217
217
217
217
217
217
217
205
205
205
205
205
211
211
211
211
211
211
219
219
219
219
219
218
218
218
218
218
218
218
218
218
218
218
230
230
230
230
230
229
229
229
229
229
236
236
236
236
236
236
258
258
258
258
258
233
233
233
233
233
247
247
247
247
247
247
245
245
245
245
245
248
248
248
248
248
249
249
249
249
249
249
251
251
251
251
251
240
240
240
240
240
255
255
255
255
255
255
251
251
251
251
251
244
244
244
244
244
241
241
241
241
241
241
250
250
250
250
250
253
253
253
253
253
245
245
245
245
245
245
241
241
241
241
241
248
248
248
248
248
241
241
241
241
241
241
240
240
240
240
240
242
242
242
242
242
249
249
249
249
249
249
253
253
253
253
253
247
247
247
247
247
262
262
262
262
262
262
255
255
255
255
255
276
276
276
276
276
258
258
258
258
258
258
230
230
230
230
230
239
239
239
239
239
246
246
246
246
246
246
224
224
224
224
224
246
246
246
246
246
236
236
236
236
236
236
258
258
258
258
258
248
248
248
248
248
248
248
248
248
248
248
244
244
244
244
244
247
247
247
247
247
257
257
257
257
257
257
246
246
246
246
246
248
248
248
248
248
245
245
245
245
245
245
240
240
240
240
240
235
235
235
235
235
232
232
232
232
232
232
221
221
221
221
221
222
222
222
222
222
238
238
238
238
238
238
246
246
246
246
246
236
236
236
236
236
242
242
242
242
242
242
239
239
239
239
239
231
231
231
231
231
240
240
240
240
240
240
235
235
235
235
235
227
227
227
227
227
223
223
223
223
223
223
222
222
222
222
222
224
224
224
224
224
212
212
212
212
212
212
230
230
230
230
230
233
233
233
233
233
254
254
254
254
254
254
252
252
252
252
252
264
264
264
264
264
287
287
287
287
287
287
266
266
266
266
266
268
268
268
268
268
258
258
258
258
258
258
252
252
252
252
252
229
229
229
229
229
225
225
225
225
225
225
223
223
223
223
223
224
224
224
224
224
247
247
247
247
247
247
234
234
234
234
234
245
245
245
245
245
262
262
262
262
262
262
251
251
251
251
251
259
259
259
259
259
252
252
252
252
252
252
234
234
234
234
234
242
242
242
242
242
254
254
254
254
254
254
239
239
239
239
239
265
265
265
265
265
248
248
248
248
248
248
254
254
254
254
254
272
272
272
272
272
262
262
262
262
262
262
294
294
294
294
294
268
268
268
268
268
262
262
262
262
262
262
252
252
252
252
252
260
260
260
260
260
253
253
253
253
253
253
247
247
247
247
247
240
240
240
240
240
228
228
228
228
228
228
239
239
239
239
239
241
241
241
241
241
252
252
252
252
252
252
259
259
259
259
259
268
268
268
268
268
270
270
270
270
270
270
274
274
274
274
274
262
262
262
262
262
240
240
240
240
240
240
244
244
244
244
244
252
252
252
252
252
248
248
248
248
248
248
236
236
236
236
236
240
240
240
240
240
234
234
234
234
234
234
233
233
233
233
233
242
242
242
242
242
240
240
240
240
240
240
247
247
247
247
247
248
248
248
248
248
242
242
242
242
242
242
240
240
240
240
240
250
250
250
250
250
250
250
250
250
250
250
237
237
237
237
237
219
219
219
219
219
225
225
225
225
225
225
232
232
232
232
232
234
234
234
234
234
240
240
240
240
240
240
230
230
230
230
230
239
239
239
239
239
229
229
229
229
229
229
221
221
221
221
221
222
222
222
222
222
239
239
239
239
239
239
241
241
241
241
241
231
231
231
231
231
246
246
246
246
246
246
271
271
271
271
271
283
283
283
283
283
290
290
290
290
290
290
284
284
284
284
284
289
289
289
289
289
273
273
273
273
273
273
275
275
275
275
275
278
278
278
278
278
252
252
252
252
252
252
259
259
259
259
259
259
259
259
259
259
260
260
260
260
260
260
287
287
287
287
287
286
286
286
286
286
261
261
261
261
261
261
258
258
258
258
258
275
275
275
275
275
271
271
271
271
271
271
251
251
251
251
251
260
260
260
260
260
264
264
264
264
264
264
253
253
253
253
253
240
240
240
240
240
240
240
240
240
240
240
238
238
238
238
238
227
227
227
227
227
227
227
227
227
227
227
215
215
215
215
215
227
227
227
227
227
229
229
229
229
229
229
238
238
238
238
238
228
228
228
228
228
233
233
233
233
233
233
240
240
240
240
240
236
236
236
236
236
246
246
246
246
246
246
233
233
233
233
233
237
237
237
237
237
231
231
231
231
231
231
229
229
229
229
229
231
231
231
231
231
235
235
235
235
235
235
234
234
234
234
234
223
223
223
223
223
215
215
215
215
215
215
225
225
225
225
225
219
219
219
219
219
211
211
211
211
211
211
218
218
218
218
218
223
223
223
223
223
213
213
213
213
213
213
206
206
206
206
206
220
220
220
220
220
222
222
222
222
222
222
210
210
210
210
210
220
220
220
220
220
231
231
231
231
231
231
222
222
222
222
222
229
229
229
229
229
224
224
224
224
224
224
228
228
228
228
228
218
218
218
218
218
222
222
222
222
222
222
219
219
219
219
219
220
220
220
220
220
217
217
217
217
217
217
220
220
220
220
220
227
227
227
227
227
233
233
233
233
233
233
230
230
230
230
230
219
219
219
219
219
230
230
230
230
230
230
230
230
230
230
230
215
215
215
215
215
223
223
223
223
223
223
232
232
232
232
232
217
217
217
217
217
219
219
219
219
219
219
232
232
232
232
232
231
231
231
231
231
238
238
238
238
238
238
238
238
238
238
238
239
239
239
239
239
249
249
249
249
249
249
241
241
241
241
241
250
250
250
250
250
234
234
234
234
234
234
236
236
236
236
236
234
234
234
234
234
213
213
213
213
213
213
232
232
232
232
232
227
227
227
227
227
228
228
228
228
228
228
218
218
218
218
218
231
231
231
231
231
229
229
229
229
229
229
246
246
246
246
246
250
250
250
250
250
264
264
264
264
264
264
272
272
272
272
272
265
265
265
265
265
262
262
262
262
262
262
247
247
247
247
247
237
237
237
237
237
231
231
231
231
231
231
219
219
219
219
219
227
227
227
227
227
216
216
216
216
216
216
212
212
212
212
212
222
222
222
222
222
225
225
225
225
225
225
210
210
210
210
210
217
217
217
217
217
233
233
233
233
233
233
221
221
221
221
221
236
236
236
236
236
236
236
236
236
236
236
240
240
240
240
240
248
248
248
248
248
238
238
238
238
238
238
249
249
249
249
249
268
268
268
268
268
245
245
245
245
245
245
265
265
265
265
265
249
249
249
249
249
253
253
253
253
253
253
251
251
251
251
251
246
246
246
246
246
251
251
251
251
251
251
244
244
244
244
244
246
246
246
246
246
255
255
255
255
255
255
234
234
234
234
234
234
234
234
234
234
244
244
244
244
244
244
255
255
255
255
255
242
242
242
242
242
255
255
255
255
255
255
255
255
255
255
255
232
232
232
232
232
236
236
236
236
236
236
241
241
241
241
241
257
257
257
257
257
239
239
239
239
239
239
244
244
244
244
244
235
235
235
235
235
238
238
238
238
238
238
246
246
246
246
246
240
240
240
240
240
256
256
256
256
256
256
256
256
256
256
256
272
272
272
272
272
261
261
261
261
261
261
253
253
253
253
253
254
254
254
254
254
252
252
252
252
252
252
243
243
243
243
243
244
244
244
244
244
236
236
236
236
236
236
232
232
232
232
232
237
237
237
237
237
231
231
231
231
231
231
243
243
243
243
243
234
234
234
234
234
250
250
250
250
250
250
236
236
236
236
236
226
226
226
226
226
237
237
237
237
237
237
238
238
238
238
238
245
245
245
245
245
248
248
248
248
248
248
258
258
258
258
258
235
235
235
235
235
226
226
226
226
226
226
225
225
225
225
225
243
243
243
243
243
240
240
240
240
240
240
223
223
223
223
223
222
222
222
222
222
231
231
231
231
231
231
234
234
234
234
234
248
248
248
248
248
241
241
241
241
241
241
239
239
239
239
239
248
248
248
248
248
252
252
252
252
252
252
261
261
261
261
261
257
257
257
257
257
268
268
268
268
268
268
243
243
243
243
243
250
250
250
250
250
229
229
229
229
229
229
239
239
239
239
239
234
234
234
234
234
236
236
236
236
236
236
225
225
225
225
225
229
229
229
229
229
232
232
232
232
232
232
236
236
236
236
236
229
229
229
229
229
223
223
223
223
223
223
223
223
223
223
223
231
231
231
231
231
236
236
236
236
236
236
227
227
227
227
227
221
221
221
221
221
233
233
233
233
233
233
233
233
233
233
233
225
225
225
225
225
240
240
240
240
240
240
232
232
232
232
232
235
235
235
235
235
239
239
239
239
239
239
241
241
241
241
241
226
226
226
226
226
226
226
226
226
226
226
225
225
225
225
225
211
211
211
211
211
220
220
220
220
220
220
224
224
224
224
224
233
233
233
233
233
231
231
231
231
231
231
226
226
226
226
226
237
237
237
237
237
235
235
235
235
235
235
242
242
242
242
242
242
242
242
242
242
240
240
240
240
240
240
239
239
239
239
239
238
238
238
238
238
231
231
231
231
231
231
232
232
232
232
232
229
229
229
229
229
212
212
212
212
212
212
223
223
223
223
223
225
225
225
225
225
223
223
223
223
223
223
226
226
226
226
226
218
218
218
218
218
227
227
227
227
227
227
216
216
216
216
216
220
220
220
220
220
224
224
224
224
224
224
236
236
236
236
236
233
233
233
233
233
236
236
236
236
236
236
247
247
247
247
247
237
237
237
237
237
243
243
243
243
243
243
238
238
238
238
238
237
237
237
237
237
226
226
226
226
226
226
235
235
235
235
235
234
234
234
234
234
227
227
227
227
227
227
210
210
210
210
210
215
215
215
215
215
208
208
208
208
208
208
210
210
210
210
210
202
202
202
202
202
210
210
210
210
210
210
220
220
220
220
220
231
231
231
231
231
246
246
246
246
246
246
249
249
249
249
249
260
260
260
260
260
274
274
274
274
274
274
275
275
275
275
275
272
272
272
272
272
264
264
264
264
264
264
276
276
276
276
276
248
248
248
248
248
246
246
246
246
246
246
246
246
246
246
246
226
226
226
226
226
228
228
228
228
228
228
224
224
224
224
224
225
225
225
225
225
218
218
218
218
218
218
214
214
214
214
214
220
220
220
220
220
231
231
231
231
231
231
229
229
229
229
229
239
239
239
239
239
251
251
251
251
251
251
250
250
250
250
250
245
245
245
245
245
254
254
254
254
254
254
257
257
257
257
257
263
263
263
263
263
249
249
249
249
249
249
246
246
246
246
246
247
247
247
247
247
242
242
242
242
242
242
235
235
235
235
235
228
228
228
228
228
234
234
234
234
234
234
231
231
231
231
231
229
229
229
229
229
234
234
234
234
234
234
223
223
223
223
223
233
233
233
233
233
243
243
243
243
243
243
239
239
239
239
239
237
237
237
237
237
253
253
253
253
253
253
246
246
246
246
246
244
244
244
244
244
244
244
244
244
244
244
249
249
249
249
249
239
239
239
239
239
233
233
233
233
233
233
251
251
251
251
251
246
246
246
246
246
243
243
243
243
243
243
238
238
238
238
238
256
256
256
256
256
238
238
238
238
238
238
245
245
245
245
245
227
227
227
227
227
233
233
233
233
233
233
233
233
233
233
233
229
229
229
229
229
228
228
228
228
228
228
220
220
220
220
220
227
227
227
227
227
233
233
233
233
233
233
241
241
241
241
241
229
229
229
229
229
236
236
236
236
236
236
230
230
230
230
230
236
236
236
236
236
235
235
235
235
235
235
226
226
226
226
226
232
232
232
232
232
233
233
233
233
233
233
229
229
229
229
229
225
225
225
225
225
230
230
230
230
230
230
228
228
228
228
228
231
231
231
231
231
229
229
229
229
229
229
232
232
232
232
232
225
225
225
225
225
227
227
227
227
227
227
240
240
240
240
240
234
234
234
234
234
229
229
229
229
229
229
240
240
240
240
240
241
241
241
241
241
230
230
230
230
230
230
228
228
228
228
228
234
234
234
234
234
239
239
239
239
239
239
236
236
236
236
236
227
227
227
227
227
237
237
237
237
237
237
235
235
235
235
235
234
234
234
234
234
229
229
229
229
229
229
220
220
220
220
220
219
219
219
219
219
218
218
218
218
218
218
230
230
230
230
230
217
217
217
217
217
221
221
221
221
221
221
220
220
220
220
220
230
230
230
230
230
226
226
226
226
226
226
233
233
233
233
233
236
236
236
236
236
227
227
227
227
227
227
241
241
241
241
241
242
242
242
242
242
231
231
231
231
231
231
236
236
236
236
236
230
230
230
230
230
228
228
228
228
228
228
232
232
232
232
232
220
220
220
220
220
216
216
216
216
216
216
234
234
234
234
234
233
233
233
233
233
232
232
232
232
232
232
235
235
235
235
235
229
229
229
229
229
227
227
227
227
227
227
243
243
243
243
243
227
227
227
227
227
236
236
236
236
236
236
236
236
236
236
236
227
227
227
227
227
232
232
232
232
232
232
241
241
241
241
241
233
233
233
233
233
227
227
227
227
227
227
231
231
231
231
231
227
227
227
227
227
229
229
229
229
229
229
239
239
239
239
239
229
229
229
229
229
226
226
226
226
226
226
227
227
227
227
227
220
220
220
220
220
228
228
228