211
211
211
211
211
211
211
211
211
211
211
214
214
214
214
214
214
206
206
206
206
206
205
205
205
205
205
215
215
215
215
215
215
213
213
213
213
213
222
222
222
222
222
195
195
195
195
195
195
198
198
198
198
198
206
206
206
206
206
209
209
209
209
209
209
210
210
210
210
210
210
210
210
210
210
222
222
222
222
222
222
222
222
222
222
222
217
217
217
217
217
220
220
220
220
220
220
223
223
223
223
223
231
231
231
231
231
226
226
226
226
226
226
215
215
215
215
215
216
216
216
216
216
211
211
211
211
211
211
217
217
217
217
217
221
221
221
221
221
199
199
199
199
199
199
207
207
207
207
207
211
211
211
211
211
211
211
211
211
211
211
205
205
205
205
205
201
201
201
201
201
203
203
203
203
203
203
215
215
215
215
215
207
207
207
207
207
213
213
213
213
213
213
216
216
216
216
216
217
217
217
217
217
209
209
209
209
209
209
217
217
217
217
217
216
216
216
216
216
210
210
210
210
210
210
214
214
214
214
214
208
208
208
208
208
211
211
211
211
211
211
218
218
218
218
218
211
211
211
211
211
217
217
217
217
217
217
194
194
194
194
194
202
202
202
202
202
203
203
203
203
203
203
200
200
200
200
200
199
199
199
199
199
199
199
199
199
199
199
194
194
194
194
194
197
197
197
197
197
193
193
193
193
193
193
194
194
194
194
194
209
209
209
209
209
192
192
192
192
192
192
200
200
200
200
200
224
224
224
224
224
204
204
204
204
204
204
219
219
219
219
219
207
207
207
207
207
210
210
210
210
210
210
205
205
205
205
205
203
203
203
203
203
217
217
217
217
217
217
225
225
225
225
225
236
236
236
236
236
356
356
356
356
356
356
1118
1118
1118
1118
1118
2480
2480
2480
2480
2480
3735
3735
3735
3735
3735
3735
4095
4095
4095
4095
4095
4095
4095
4095
4095
4095
4095
4095
4095
4095
4095
4095
4095
4095
4095
4095
4095
3176
3176
3176
3176
3176
1471
1471
1471
1471
1471
1471
295
295
295
295
295
207
207
207
207
207
194
194
194
194
194
194
179
179
179
179
179
174
174
174
174
174
177
177
177
177
177
177
173
173
173
173
173
174
174
174
174
174
174
174
174
174
174
174
193
193
193
193
193
205
205
205
205
205
232
232
232
232
232
232
388
388
388
388
388
1401
1401
1401
1401
1401
2541
2541
2541
2541
2541
2541
3325
3325
3325
3325
3325
3527
3527
3527
3527
3527
3184
3184
3184
3184
3184
3184
2340
2340
2340
2340
2340
1222
1222
1222
1222
1222
350
350
350
350
350
350
239
239
239
239
239
218
218
218
218
218
210
210
210
210
210
210
197
197
197
197
197
213
213
213
213
213
214
214
214
214
214
214
236
236
236
236
236
260
260
260
260
260
416
416
416
416
416
416
867
867
867
867
867
1429
1429
1429
1429
1429
1856
1856
1856
1856
1856
1856
2106
2106
2106
2106
2106
2132
2132
2132
2132
2132
1979
1979
1979
1979
1979
1979
1672
1672
1672
1672
1672
1296
1296
1296
1296
1296
882
882
882
882
882
882
530
530
530
530
530
335
335
335
335
335
273
273
273
273
273
273
262
262
262
262
262
238
238
238
238
238
242
242
242
242
242
242
217
217
217
217
217
238
238
238
238
238
241
241
241
241
241
241
255
255
255
255
255
272
272
272
272
272
373
373
373
373
373
373
651
651
651
651
651
1084
1084
1084
1084
1084
1430
1430
1430
1430
1430
1430
1632
1632
1632
1632
1632
1656
1656
1656
1656
1656
1395
1395
1395
1395
1395
1395
1000
1000
1000
1000
1000
581
581
581
581
581
342
342
342
342
342
342
304
304
304
304
304
278
278
278
278
278
272
272
272
272
272
272
275
275
275
275
275
295
295
295
295
295
342
342
342
342
342
342
375
375
375
375
375
388
388
388
388
388
395
395
395
395
395
395
359
359
359
359
359
328
328
328
328
328
296
296
296
296
296
296
283
283
283
283
283
269
269
269
269
269
272
272
272
272
272
272
254
254
254
254
254
275
275
275
275
275
271
271
271
271
271
271
269
269
269
269
269
257
257
257
257
257
248
248
248
248
248
248
241
241
241
241
241
228
228
228
228
228
215
215
215
215
215
215
202
202
202
202
202
198
198
198
198
198
197
197
197
197
197
197
198
198
198
198
198
185
185
185
185
185
181
181
181
181
181
181
187
187
187
187
187
194
194
194
194
194
195
195
195
195
195
195
210
210
210
210
210
216
216
216
216
216
227
227
227
227
227
227
272
272
272
272
272
385
385
385
385
385
862
862
862
862
862
862
1695
1695
1695
1695
1695
2653
2653
2653
2653
2653
3506
3506
3506
3506
3506
3506
4095
4095
4095
4095
4095
4095
4095
4095
4095
4095
4095
4095
4095
4095
4095
4095
4095
4095
4095
4095
4095
4095
4095
4095
4095
4095
4095
4095
4095
4095
4095
4095
4095
4095
4095
4095
4095
4095
4095
4095
4095
4095
3299
3299
3299
3299
3299
3299
2316
2316
2316
2316
2316
1250
1250
1250
1250
1250
456
456
456
456
456
456
272
272
272
272
272
214
214
214
214
214
203
203
203
203
203
203
195
195
195
195
195
186
186
186
186
186
185
185
185
185
185
185
182
182
182
182
182
185
185
185
185
185
182
182
182
182
182
182
186
186
186
186
186
183
183
183
183
183
205
205
205
205
205
205
193
193
193
193
193
193
193
193
193
193
200
200
200
200
200
200
205
205
205
205
205
216
216
216
216
216
218
218
218
218
218
218
223
223
223
223
223
236
236
236
236
236
228
228
228
228
228
228
221
221
221
221
221
222
222
222
222
222
218
218
218
218
218
218
209
209
209
209
209
211
211
211
211
211
202
202
202
202
202
202
200
200
200
200
200
194
194
194
194
194
197
197
197
197
197
197
193
193
193
193
193
185
185
185
185
185
187
187
187
187
187
187
183
183
183
183
183
190
190
190
190
190
198
198
198
198
198
198
191
191
191
191
191
196
196
196
196
196
194
194
194
194
194
194
196
196
196
196
196
199
199
199
199
199
199
199
199
199
199
199
201
201
201
201
201
207
207
207
207
207
204
204
204
204
204
204
220
220
220
220
220
224
224
224
224
224
246
246
246
246
246
246
246
246
246
246
246
261
261
261
261
261
304
304
304
304
304
304
325
325
325
325
325
351
351
351
351
351
332
332
332
332
332
332
316
316
316
316
316
249
249
249
249
249
228
228
228
228
228
228
211
211
211
211
211
209
209
209
209
209
206
206
206
206
206
206
202
202
202
202
202
192
192
192
192
192
201
201
201
201
201
201
206
206
206
206
206
209
209
209
209
209
218
218
218
218
218
218
242
242
242
242
242
289
289
289
289
289
384
384
384
384
384
384
487
487
487
487
487
511
511
511
511
511
456
456
456
456
456
456
331
331
331
331
331
277
277
277
277
277
239
239
239
239
239
239
236
236
236
236
236
210
210
210
210
210
181
181
181
181
181
181
194
194
194
194
194
182
182
182
182
182
176
176
176
176
176
176
176
176
176
176
176
180
180
180
180
180
185
185
185
185
185
185
182
182
182
182
182
185
185
185
185
185
194
194
194
194
194
194
201
201
201
201
201
202
202
202
202
202
212
212
212
212
212
212
221
221
221
221
221
238
238
238
238
238
239
239
239
239
239
239
226
226
226
226
226
216
216
216
216
216
213
213
213
213
213
213
211
211
211
211
211
195
195
195
195
195
200
200
200
200
200
200
192
192
192
192
192
191
191
191
191
191
191
191
191
191
191
191
192
192
192
192
192
191
191
191
191
191
190
190
190
190
190
190
199
199
199
199
199
202
202
202
202
202
205
205
205
205
205
205
213
213
213
213
213
219
219
219
219
219
215
215
215
215
215
215
218
218
218
218
218
210
210
210
210
210
214
214
214
214
214
214
210
210
210
210
210
203
203
203
203
203
199
199
199
199
199
199
197
197
197
197
197
194
194
194
194
194
202
202
202
202
202
202
201
201
201
201
201
209
209
209
209
209
205
205
205
205
205
205
226
226
226
226
226
212
212
212
212
212
220
220
220
220
220
220
217
217
217
217
217
223
223
223
223
223
221
221
221
221
221
221
223
223
223
223
223
223
223
223
223
223
237
237
237
237
237
237
227
227
227
227
227
219
219
219
219
219
228
228
228
228
228
228
222
222
222
222
222
224
224
224
224
224
228
228
228
228
228
228
216
216
216
216
216
237
237
237
237
237
240
240
240
240
240
240
233
233
233
233
233
238
238
238
238
238
242
242
242
242
242
242
240
240
240
240
240
258
258
258
258
258
257
257
257
257
257
257
242
242
242
242
242
248
248
248
248
248
244
244
244
244
244
244
238
238
238
238
238
236
236
236
236
236
227
227
227
227
227
227
227
227
227
227
227
220
220
220
220
220
225
225
225
225
225
225
213
213
213
213
213
212
212
212
212
212
220
220
220
220
220
220
213
213
213
213
213
218
218
218
218
218
210
210
210
210
210
210
216
216
216
216
216
212
212
212
212
212
221
221
221
221
221
221
206
206
206
206
206
209
209
209
209
209
215
215
215
215
215
215
214
214
214
214
214
220
220
220
220
220
226
226
226
226
226
226
214
214
214
214
214
208
208
208
208
208
209
209
209
209
209
209
215
215
215
215
215
213
213
213
213
213
206
206
206
206
206
206
216
216
216
216
216
207
207
207
207
207
202
202
202
202
202
202
193
193
193
193
193
199
199
199
199
199
199
199
199
199
199
199
210
210
210
210
210
207
207
207
207
207
204
204
204
204
204
204
212
212
212
212
212
220
220
220
220
220
230
230
230
230
230
230
229
229
229
229
229
243
243
243
243
243
227
227
227
227
227
227
242
242
242
242
242
234
234
234
234
234
220
220
220
220
220
220
221
221
221
221
221
221
221
221
221
221
212
212
212
212
212
212
200
200
200
200
200
199
199
199
199
199
200
200
200
200
200
200
200
200
200
200
200
197
197
197
197
197
211
211
211
211
211
211
210
210
210
210
210
233
233
233
233
233
227
227
227
227
227
227
240
240
240
240
240
230
230
230
230
230
248
248
248
248
248
248
244
244
244
244
244
230
230
230
230
230
239
239
239
239
239
239
228
228
228
228
228
208
208
208
208
208
212
212
212
212
212
212
210
210
210
210
210
213
213
213
213
213
210
210
210
210
210
210
216
216
216
216
216
212
212
212
212
212
215
215
215
215
215
215
221
221
221
221
221
220
220
220
220
220
236
236
236
236
236
236
232
232
232
232
232
237
237
237
237
237
239
239
239
239
239
239
223
223
223
223
223
233
233
233
233
233
235
235
235
235
235
235
216
216
216
216
216
217
217
217
217
217
216
216
216
216
216
216
222
222
222
222
222
219
219
219
219
219
219
219
219
219
219
219
209
209
209
209
209
212
212
212
212
212
209
209
209
209
209
209
223
223
223
223
223
211
211
211
211
211
216
216
216
216
216
216
214
214
214
214
214
201
201
201
201
201
208
208
208
208
208
208
205
205
205
205
205
212
212
212
212
212
217
217
217
217
217
217
199
199
199
199
199
204
204
204
204
204
208
208
208
208
208
208
210
210
210
210
210
198
198
198
198
198
198
198
198
198
198
198
216
216
216
216
216
218
218
218
218
218
220
220
220
220
220
220
210
210
210
210
210
212
212
212
212
212
216
216
216
216
216
216
216
216
216
216
216
212
212
212
212
212
221
221
221
221
221
221
198
198
198
198
198
198
198
198
198
198
197
197
197
197
197
197
201
201
201
201
201
198
198
198
198
198
197
197
197
197
197
197
199
199
199
199
199
199
199
199
199
199
207
207
207
207
207
207
207
207
207
207
207
206
206
206
206
206
209
209
209
209
209
209
214
214
214
214
214
212
212
212
212
212
214
214
214
214
214
214
217
217
217
217
217
213
213
213
213
213
206
206
206
206
206
206
223
223
223
223
223
217
217
217
217
217
214
214
214
214
214
214
216
216
216
216
216
204
204
204
204
204
219
219
219
219
219
219
206
206
206
206
206
210
210
210
210
210
211
211
211
211
211
211
212
212
212
212
212
215
215
215
215
215
211
211
211
211
211
211
201
201
201
201
201
209
209
209
209
209
208
208
208
208
208
208
209
209
209
209
209
212
212
212
212
212
223
223
223
223
223
223
215
215
215
215
215
212
212
212
212
212
216
216
216
216
216
216
215
215
215
215
215
229
229
229
229
229
220
220
220
220
220
220
219
219
219
219
219
223
223
223
223
223
217
217
217
217
217
217
219
219
219
219
219
218
218
218
218
218
216
216
216
216
216
216
210
210
210
210
210
201
201
201
201
201
213
213
213
213
213
213
207
207
207
207
207
209
209
209
209
209
199
199
199
199
199
199
197
197
197
197
197
210
210
210
210
210
201
201
201
201
201
201
219
219
219
219
219
209
209
209
209
209
213
213
213
213
213
213
212
212
212
212
212
222
222
222
222
222
238
238
238
238
238
238
229
229
229
229
229
234
234
234
234
234
234
234
234
234
234
234
229
229
229
229
229
234
234
234
234
234
228
228
228
228
228
228
230
230
230
230
230
219
219
219
219
219
218
218
218
218
218
218
215
215
215
215
215
219
219
219
219
219
208
208
208
208
208
208
209
209
209
209
209
204
204
204
204
204
217
217
217
217
217
217
213
213
213
213
213
215
215
215
215
215
217
217
217
217
217
217
221
221
221
221
221
242
242
242
242
242
233
233
233
233
233
233
240
240
240
240
240
244
244
244
244
244
231
231
231
231
231
231
242
242
242
242
242
234
234
234
234
234
238
238
238
238
238
238
225
225
225
225
225
225
225
225
225
225
218
218
218
218
218
218
221
221
221
221
221
220
220
220
220
220
223
223
223
223
223
223
227
227
227
227
227
216
216
216
216
216
227
227
227
227
227
227
219
219
219
219
219
222
222
222
222
222
227
227
227
227
227
227
209
209
209
209
209
209
209
209
209
209
205
205
205
205
205
205
202
202
202
202
202
204
204
204
204
204
211
211
211
211
211
211
211
211
211
211
211
210
210
210
210
210
216
216
216
216
216
216
215
215
215
215
215
226
226
226
226
226
223
223
223
223
223
223
223
223
223
223
223
224
224
224
224
224
225
225
225
225
225
225
217
217
217
217
217
213
213
213
213
213
207
207
207
207
207
207
214
214
214
214
214
213
213
213
213
213
203
203
203
203
203
203
223
223
223
223
223
214
214
214
214
214
208
208
208
208
208
208
208
208
208
208
208
205
205
205
205
205
207
207
207
207
207
207
206
206
206
206
206
211
211
211
211
211
206
206
206
206
206
206
207
207
207
207
207
214
214
214
214
214
210
210
210
210
210
210
221
221
221
221
221
219
219
219
219
219
218
218
218
218
218
218
224
224
224
224
224
225
225
225
225
225
224
224
224
224
224
224
215
215
215
215
215
223
223
223
223
223
213
213
213
213
213
213
223
223
223
223
223
216
216
216
216
216
218
218
218
218
218
218
215
215
215
215
215
213
213
213
213
213
220
220
220
220
220
220
225
225
225
225
225
220
220
220
220
220
213
213
213
213
213
213
229
229
229
229
229
226
226
226
226
226
220
220
220
220
220
220
217
217
217
217
217
220
220
220
220
220
204
204
204
204
204
204
208
208
208
208
208
205
205
205
205
205
198
198
198
198
198
198
204
204
204
204
204
207
207
207
207
207
201
201
201
201
201
201
204
204
204
204
204
218
218
218
218
218
213
213
213
213
213
213
204
204
204
204
204
209
209
209
209
209
200
200
200
200
200
200
206
206
206
206
206
207
207
207
207
207
201
201
201
201
201
201
209
209
209
209
209
209
209
209
209
209
202
202
202
202
202
202
208
208
208
208
208
210
210
210
210
210
214
214
214
214
214
214
203
203
203
203
203
207
207
207
207
207
200
200
200
200
200
200
198
198
198
198
198
200
200
200
200
200
208
208
208
208
208
208
201
201
201
201
201
214
214
214
214
214
212
212
212
212
212
212
208
208
208
208
208
217
217
217
217
217
203
203
203
203
203
203
203
203
203
203
203
213
213
213
213
213
220
220
220
220
220
220
208
208
208
208
208
218
218
218
218
218
216
216
216
216
216
216
203
203
203
203
203
215
215
215
215
215
213
213
213
213
213
213
215
215
215
215
215
211
211
211
211
211
219
219
219
219
219
219
217
217
217
217
217
210
210
210
210
210
212
212
212
212
212
212
220
220
220
220
220
205
205
205
205
205
219
219
219
219
219
219
205
205
205
205
205
209
209
209
209
209
215
215
215
215
215
215
213
213
213
213
213
215
215
215
215
215
215
215
215
215
215
215
214
214
214
214
214
209
209
209
209
209
218
218
218
218
218
218
212
212
212
212
212
229
229
229
229
229
214
214
214
214
214
214
215
215
215
215
215
202
202
202
202
202
200
200
200
200
200
200
210
210
210
210
210
210
210
210
210
210
198
198
198
198
198
198
202
202
202
202
202
213
213
213
213
213
205
205
205
205
205
205
207
207
207
207
207
211
211
211
211
211
219
219
219
219
219
219
214
214
214
214
214
217
217
217
217
217
218
218
218
218
218
218
218
218
218
218
218
214
214
214
214
214
218
218
218
218
218
218
227
227
227
227
227
221
221
221
221
221
221
221
221
221
221
221
224
224
224
224
224
213
213
213
213
213
220
220
220
220
220
220
215
215
215
215
215
210
210
210
210
210
202
202
202
202
202
202
211
211
211
211
211
204
204
204
204
204
199
199
199
199
199
199
203
203
203
203
203
212
212
212
212
212
212
212
212
212
212
212
220
220
220
220
220
226
226
226
226
226
221
221
221
221
221
221
228
228
228
228
228
230
230
230
230
230
234
234
234
234
234
234
229
229
229
229
229
242
242
242
242
242
231
231
231
231
231
231
226
226
226
226
226
230
230
230
230
230
225
225
225
225
225
225
222
222
222
222
222
221
221
221
221
221
209
209
209
209
209
209
214
214
214
214
214
211
211
211
211
211
210
210
210
210
210
210
209
209
209
209
209
213
213
213
213
213
214
214
214
214
214
214
221
221
221
221
221
217
217
217
217
217
218
218
218
218
218
218
231
231
231
231
231
234
234
234
234
234
238
238
238
238
238
238
232
232
232
232
232
238
238
238
238
238
236
236
236
236
236
236
229
229
229
229
229
227
227
227
227
227
223
223
223
223
223
223
219
219
219
219
219
217
217
217
217
217
215
215
215
215
215
215
211
211
211
211
211
220
220
220
220
220
219
219
219
219
219
219
218
218
218
218
218
220
220
220
220
220
217
217
217
217
217
217
219
219
219
219
219
224
224
224
224
224
227
227
227
227
227
227
225
225
225
225
225
223
223
223
223
223
231
231
231
231
231
231
232
232
232
232
232
230
230
230
230
230
225
225
225
225
225
225
220
220
220
220
220
221
221
221
221
221
217
217
217
217
217
217
210
210
210
210
210
215
215
215
215
215
212
212
212
212
212
212
204
204
204
204
204
207
207
207
207
207
208
208
208
208
208
208
207
207
207
207
207
207
207
207
207
207
206
206
206
206
206
206
207
207
207
207
207
210
210
210
210
210
212
212
212
212
212
212
215
215
215
215
215
215
215
215
215
215
216
216
216
216
216
216
216
216
216
216
216
211
211
211
211
211
210
210
210
210
210
210
213
213
213
213
213
213
213
213
213
213
210
210
210
210
210
210
208
208
208
208
208
209
209
209
209
209
208
208
208
208
208
208
211
211
211
211
211
206
206
206
206
206
207
207
207
207
207
207
210
210
210
210
210
218
218
218
218
218
216
216
216
216
216
216
218
218
218
218
218
218
218
218
218
218
220
220
220
220
220
220
218
218
218
218
218
214
214
214
214
214
219
219
219
219
219
219
209
209
209
209
209
221
221
221
221
221
214
214
214
214
214
214
212
212
212
212
212
210
210
210
210
210
215
215
215
215
215
215
214
214
214
214
214
211
211
211
211
211
209
209
209
209
209
209
207
207
207
207
207
206
206
206
206
206
206
206
206
206
206
206
208
208
208
208
208
202
202
202
202
202
203
203
203
203
203
203
208
208
208
208
208
209
209
209
209
209
206
206
206
206
206
206
205
205
205
205
205
206
206
206
206
206
207
207
207
207
207
207
210
210
210
210
210
208
208
208
208
208
208
208
208
208
208
208
211
211
211
211
211
215
215
215
215
215
209
209
209
209
209
209
217
217
217
217
217
215
215
215
215
215
219
219
219
219
219
219
210
210
210
210
210
212
212
212
212
212
216
216
216
216
216
216
207
207
207
207
207
211
211
211
211
211
204
204
204
204
204
204
204
204
204
204
204
201
201
201
201
201
214
214
214
214
214
214
205
205
205
205
205
209
209
209
209
209
208
208
208
208
208
208
209
209
209
209
209
218
218
218
218
218
219
219
219
219
219
219
214
214
214
214
214
219
219
219
219
219
217
217
217
217
217
217
217
217
217
217
217
213
213
213
213
213
212
212
212
212
212
212
213
213
213
213
213
213
213
213
213
213
206
206
206
206
206
206
208
208
208
208
208
207
207
207
207
207
205
205
205
205
205
205
205
205
205
205
205
211
211
211
211
211
211
211
211
211
211
211
206
206
206
206
206
212
212
212
212
212
212
212
212
212
212
212
204
204
204
204
204
213
213
213
213
213
215
215
215
215
215
215
222
222
222
222
222
211
211
211
211
211
215
215
215
215
215
215
218
218
218
218
218
214
214
214
214
214
212
212
212
212
212
212
212
212
212
212
212
206
206
206
206
206
210
210
210
210
210
210
213
213
213
213
213
221
221
221
221
221
212
212
212
212
212
212
218
218
218
218
218
217
217
217
217
217
218
218
218
218
218
218
215
215
215
215
215
220
220
220
220
220
224
224
224
224
224
224
224
224
224
224
224
214
214
214
214
214
210
210
210
210
210
210
211
211
211
211
211
209
209
209
209
209
211
211
211
211
211
211
212
212
212
212
212
200
200
200
200
200
214
214
214
214
214
214
208
208
208
208
208
206
206
206
206
206
211
211
211
211
211
211
213
213
213
213
213
208
208
208
208
208
225
225
225
225
225
225
221
221
221
221
221
220
220
220
220
220
221
221
221
221
221
221
227
227
227
227
227
224
224
224
224
224
227
227
227
227
227
227
229
229
229
229
229
229
229
229
229
229
218
218
218
218
218
218
224
224
224
224
224
221
221
221
221
221
210
210
210
210
210
210
218
218
218
218
218
221
221
221
221
221
207
207
207
207
207
207
216
216
216
216
216
211
211
211
211
211
210
210
210
210
210
210
206
206
206
206
206
207
207
207
207
207
209
209
209
209
209
209
220
220
220
220
220
222
222
222
222
222
222
222
222
222
222
222
224
224
224
224
224
221
221
221
221
221
221
221
221
221
221
221
223
223
223
223
223
214
214
214
214
214
216
216
216
216
216
216
216
216
216
216
216
205
205
205
205
205
220
220
220
220
220
220
222
222
222
222
222
217