210
210
210
210
210
222
222
222
222
222
218
218
218
218
218
218
211
211
211
211
211
222
222
222
222
222
215
215
215
215
215
215
212
212
212
212
212
221
221
221
221
221
208
208
208
208
208
208
222
222
222
222
222
233
233
233
233
233
210
210
210
210
210
210
210
210
210
210
210
216
216
216
216
216
204
204
204
204
204
204
213
213
213
213
213
214
214
214
214
214
209
209
209
209
209
209
218
218
218
218
218
227
227
227
227
227
218
218
218
218
218
218
214
214
214
214
214
214
214
214
214
214
214
214
214
214
214
214
215
215
215
215
215
220
220
220
220
220
215
215
215
215
215
215
219
219
219
219
219
220
220
220
220
220
217
217
217
217
217
217
207
207
207
207
207
208
208
208
208
208
216
216
216
216
216
216
216
216
216
216
216
225
225
225
225
225
220
220
220
220
220
220
217
217
217
217
217
214
214
214
214
214
214
214
214
214
214
214
212
212
212
212
212
222
222
222
222
222
210
210
210
210
210
210
212
212
212
212
212
218
218
218
218
218
212
212
212
212
212
212
211
211
211
211
211
215
215
215
215
215
220
220
220
220
220
220
219
219
219
219
219
210
210
210
210
210
223
223
223
223
223
223
216
216
216
216
216
219
219
219
219
219
220
220
220
220
220
220
216
216
216
216
216
222
222
222
222
222
225
225
225
225
225
225
219
219
219
219
219
217
217
217
217
217
221
221
221
221
221
221
210
210
210
210
210
210
210
210
210
210
218
218
218
218
218
218
221
221
221
221
221
212
212
212
212
212
214
214
214
214
214
214
219
219
219
219
219
213
213
213
213
213
212
212
212
212
212
212
214
214
214
214
214
209
209
209
209
209
223
223
223
223
223
223
222
222
222
222
222
218
218
218
218
218
227
227
227
227
227
227
219
219
219
219
219
221
221
221
221
221
221
221
221
221
221
221
221
221
221
221
221
222
222
222
222
222
221
221
221
221
221
221
215
215
215
215
215
222
222
222
222
222
202
202
202
202
202
202
212
212
212
212
212
203
203
203
203
203
213
213
213
213
213
213
208
208
208
208
208
216
216
216
216
216
208
208
208
208
208
208
217
217
217
217
217
217
217
217
217
217
213
213
213
213
213
213
216
216
216
216
216
213
213
213
213
213
222
222
222
222
222
222
213
213
213
213
213
208
208
208
208
208
202
202
202
202
202
202
220
220
220
220
220
212
212
212
212
212
205
205
205
205
205
205
210
210
210
210
210
202
202
202
202
202
211
211
211
211
211
211
216
216
216
216
216
214
214
214
214
214
215
215
215
215
215
215
212
212
212
212
212
217
217
217
217
217
207
207
207
207
207
207
210
210
210
210
210
214
214
214
214
214
210
210
210
210
210
210
225
225
225
225
225
217
217
217
217
217
227
227
227
227
227
227
230
230
230
230
230
228
228
228
228
228
239
239
239
239
239
239
224
224
224
224
224
227
227
227
227
227
220
220
220
220
220
220
224
224
224
224
224
215
215
215
215
215
218
218
218
218
218
218
216
216
216
216
216
218
218
218
218
218
211
211
211
211
211
211
214
214
214
214
214
202
202
202
202
202
205
205
205
205
205
205
203
203
203
203
203
204
204
204
204
204
198
198
198
198
198
198
205
205
205
205
205
191
191
191
191
191
199
199
199
199
199
199
197
197
197
197
197
199
199
199
199
199
191
191
191
191
191
191
186
186
186
186
186
190
190
190
190
190
190
190
190
190
190
190
190
190
190
190
190
180
180
180
180
180
190
190
190
190
190
190
195
195
195
195
195
191
191
191
191
191
194
194
194
194
194
194
191
191
191
191
191
191
191
191
191
191
182
182
182
182
182
182
179
179
179
179
179
184
184
184
184
184
185
185
185
185
185
185
188
188
188
188
188
192
192
192
192
192
215
215
215
215
215
215
242
242
242
242
242
337
337
337
337
337
552
552
552
552
552
552
753
753
753
753
753
542
542
542
542
542
309
309
309
309
309
309
228
228
228
228
228
202
202
202
202
202
200
200
200
200
200
200
191
191
191
191
191
185
185
185
185
185
192
192
192
192
192
192
207
207
207
207
207
230
230
230
230
230
287
287
287
287
287
287
506
506
506
506
506
919
919
919
919
919
1354
1354
1354
1354
1354
1354
1661
1661
1661
1661
1661
1850
1850
1850
1850
1850
2109
2109
2109
2109
2109
2109
2361
2361
2361
2361
2361
2567
2567
2567
2567
2567
2759
2759
2759
2759
2759
2759
2726
2726
2726
2726
2726
2358
2358
2358
2358
2358
1556
1556
1556
1556
1556
1556
410
410
410
410
410
229
229
229
229
229
189
189
189
189
189
189
174
174
174
174
174
178
178
178
178
178
175
175
175
175
175
175
172
172
172
172
172
177
177
177
177
177
185
185
185
185
185
185
196
196
196
196
196
239
239
239
239
239
850
850
850
850
850
850
2820
2820
2820
2820
2820
4095
4095
4095
4095
4095
4095
4095
4095
4095
4095
4095
4095
4095
4095
4095
4095
4095
4095
4095
4095
4095
4095
4095
4095
4095
4095
4095
3772
3772
3772
3772
3772
2578
2578
2578
2578
2578
1285
1285
1285
1285
1285
1285
382
382
382
382
382
263
263
263
263
263
220
220
220
220
220
220
201
201
201
201
201
203
203
203
203
203
191
191
191
191
191
191
199
199
199
199
199
207
207
207
207
207
205
205
205
205
205
205
207
207
207
207
207
228
228
228
228
228
227
227
227
227
227
227
244
244
244
244
244
242
242
242
242
242
260
260
260
260
260
260
276
276
276
276
276
270
270
270
270
270
261
261
261
261
261
261
240
240
240
240
240
230
230
230
230
230
209
209
209
209
209
209
200
200
200
200
200
193
193
193
193
193
192
192
192
192
192
192
189
189
189
189
189
181
181
181
181
181
193
193
193
193
193
193
208
208
208
208
208
253
253
253
253
253
837
837
837
837
837
837
2623
2623
2623
2623
2623
4095
4095
4095
4095
4095
4095
4095
4095
4095
4095
4095
4095
4095
4095
4095
4095
4062
4062
4062
4062
4062
2717
2717
2717
2717
2717
2717
1193
1193
1193
1193
1193
323
323
323
323
323
261
261
261
261
261
261
232
232
232
232
232
264
264
264
264
264
332
332
332
332
332
332
1007
1007
1007
1007
1007
2144
2144
2144
2144
2144
3296
3296
3296
3296
3296
3296
4022
4022
4022
4022
4022
4095
4095
4095
4095
4095
4095
4095
4095
4095
4095
4095
3919
3919
3919
3919
3919
3138
3138
3138
3138
3138
2166
2166
2166
2166
2166
2166
1265
1265
1265
1265
1265
609
609
609
609
609
335
335
335
335
335
335
275
275
275
275
275
259
259
259
259
259
244
244
244
244
244
244
235
235
235
235
235
226
226
226
226
226
241
241
241
241
241
241
230
230
230
230
230
229
229
229
229
229
228
228
228
228
228
228
215
215
215
215
215
225
225
225
225
225
220
220
220
220
220
220
210
210
210
210
210
214
214
214
214
214
207
207
207
207
207
207
206
206
206
206
206
198
198
198
198
198
196
196
196
196
196
196
189
189
189
189
189
179
179
179
179
179
181
181
181
181
181
181
177
177
177
177
177
180
180
180
180
180
186
186
186
186
186
186
191
191
191
191
191
199
199
199
199
199
214
214
214
214
214
214
264
264
264
264
264
377
377
377
377
377
662
662
662
662
662
662
795
795
795
795
795
656
656
656
656
656
393
393
393
393
393
393
273
273
273
273
273
237
237
237
237
237
237
237
237
237
237
237
227
227
227
227
227
247
247
247
247
247
275
275
275
275
275
275
435
435
435
435
435
1083
1083
1083
1083
1083
1906
1906
1906
1906
1906
1906
2560
2560
2560
2560
2560
2971
2971
2971
2971
2971
3063
3063
3063
3063
3063
3063
2827
2827
2827
2827
2827
2285
2285
2285
2285
2285
1593
1593
1593
1593
1593
1593
792
792
792
792
792
357
357
357
357
357
266
266
266
266
266
266
235
235
235
235
235
215
215
215
215
215
205
205
205
205
205
205
197
197
197
197
197
199
199
199
199
199
197
197
197
197
197
197
197
197
197
197
197
197
197
197
197
197
204
204
204
204
204
204
209
209
209
209
209
218
218
218
218
218
219
219
219
219
219
219
221
221
221
221
221
207
207
207
207
207
198
198
198
198
198
198
186
186
186
186
186
188
188
188
188
188
181
181
181
181
181
181
180
180
180
180
180
188
188
188
188
188
181
181
181
181
181
181
185
185
185
185
185
180
180
180
180
180
193
193
193
193
193
193
201
201
201
201
201
229
229
229
229
229
238
238
238
238
238
238
289
289
289
289
289
330
330
330
330
330
388
388
388
388
388
388
332
332
332
332
332
271
271
271
271
271
243
243
243
243
243
243
222
222
222
222
222
212
212
212
212
212
205
205
205
205
205
205
204
204
204
204
204
197
197
197
197
197
198
198
198
198
198
198
204
204
204
204
204
219
219
219
219
219
243
243
243
243
243
243
291
291
291
291
291
396
396
396
396
396
611
611
611
611
611
611
745
745
745
745
745
717
717
717
717
717
511
511
511
511
511
511
332
332
332
332
332
270
270
270
270
270
228
228
228
228
228
228
200
200
200
200
200
197
197
197
197
197
193
193
193
193
193
193
195
195
195
195
195
188
188
188
188
188
191
191
191
191
191
191
199
199
199
199
199
197
197
197
197
197
211
211
211
211
211
211
218
218
218
218
218
233
233
233
233
233
247
247
247
247
247
247
273
273
273
273
273
290
290
290
290
290
295
295
295
295
295
295
283
283
283
283
283
250
250
250
250
250
237
237
237
237
237
237
222
222
222
222
222
206
206
206
206
206
214
214
214
214
214
214
196
196
196
196
196
191
191
191
191
191
190
190
190
190
190
190
196
196
196
196
196
196
196
196
196
196
209
209
209
209
209
209
220
220
220
220
220
240
240
240
240
240
299
299
299
299
299
299
363
363
363
363
363
543
543
543
543
543
644
644
644
644
644
644
605
605
605
605
605
409
409
409
409
409
289
289
289
289
289
289
227
227
227
227
227
222
222
222
222
222
202
202
202
202
202
202
194
194
194
194
194
192
192
192
192
192
194
194
194
194
194
194
194
194
194
194
194
213
213
213
213
213
233
233
233
233
233
233
325
325
325
325
325
899
899
899
899
899
1914
1914
1914
1914
1914
1914
2824
2824
2824
2824
2824
3430
3430
3430
3430
3430
3604
3604
3604
3604
3604
3604
3372
3372
3372
3372
3372
2801
2801
2801
2801
2801
2009
2009
2009
2009
2009
2009
1133
1133
1133
1133
1133
471
471
471
471
471
284
284
284
284
284
284
254
254
254
254
254
228
228
228
228
228
219
219
219
219
219
219
227
227
227
227
227
237
237
237
237
237
245
245
245
245
245
245
274
274
274
274
274
299
299
299
299
299
358
358
358
358
358
358
363
363
363
363
363
357
357
357
357
357
313
313
313
313
313
313
259
259
259
259
259
238
238
238
238
238
217
217
217
217
217
217
208
208
208
208
208
194
194
194
194
194
196
196
196
196
196
196
194
194
194
194
194
201
201
201
201
201
200
200
200
200
200
200
215
215
215
215
215
222
222
222
222
222
224
224
224
224
224
224
253
253
253
253
253
279
279
279
279
279
260
260
260
260
260
260
252
252
252
252
252
246
246
246
246
246
225
225
225
225
225
225
214
214
214
214
214
208
208
208
208
208
206
206
206
206
206
206
198
198
198
198
198
207
207
207
207
207
204
204
204
204
204
204
224
224
224
224
224
219
219
219
219
219
246
246
246
246
246
246
265
265
265
265
265
291
291
291
291
291
371
371
371
371
371
371
434
434
434
434
434
518
518
518
518
518
553
553
553
553
553
553
557
557
557
557
557
530
530
530
530
530
456
456
456
456
456
456
396
396
396
396
396
354
354
354
354
354
334
334
334
334
334
334
305
305
305
305
305
303
303
303
303
303
273
273
273
273
273
273
287
287
287
287
287
286
286
286
286
286
280
280
280
280
280
280
281
281
281
281
281
272
272
272
272
272
262
262
262
262
262
262
246
246
246
246
246
248
248
248
248
248
229
229
229
229
229
229
227
227
227
227
227
233
233
233
233
233
231
231
231
231
231
231
213
213
213
213
213
216
216
216
216
216
206
206
206
206
206
206
199
199
199
199
199
206
206
206
206
206
208
208
208
208
208
208
194
194
194
194
194
197
197
197
197
197
212
212
212
212
212
212
206
206
206
206
206
209
209
209
209
209
208
208
208
208
208
208
213
213
213
213
213
215
215
215
215
215
214
214
214
214
214
214
204
204
204
204
204
206
206
206
206
206
202
202
202
202
202
202
204
204
204
204
204
216
216
216
216
216
199
199
199
199
199
199
215
215
215
215
215
210
210
210
210
210
207
207
207
207
207
207
223
223
223
223
223
226
226
226
226
226
227
227
227
227
227
227
223
223
223
223
223
241
241
241
241
241
231
231
231
231
231
231
236
236
236
236
236
229
229
229
229
229
224
224
224
224
224
224
219
219
219
219
219
218
218
218
218
218
232
232
232
232
232
232
216
216
216
216
216
208
208
208
208
208
225
225
225
225
225
225
221
221
221
221
221
221
221
221
221
221
224
224
224
224
224
224
212
212
212
212
212
216
216
216
216
216
214
214
214
214
214
214
208
208
208
208
208
199
199
199
199
199
203
203
203
203
203
203
197
197
197
197
197
203
203
203
203
203
205
205
205
205
205
205
206
206
206
206
206
216
216
216
216
216
214
214
214
214
214
214
218
218
218
218
218
235
235
235
235
235
228
228
228
228
228
228
246
246
246
246
246
264
264
264
264
264
248
248
248
248
248
248
252
252
252
252
252
249
249
249
249
249
245
245
245
245
245
245
228
228
228
228
228
223
223
223
223
223
218
218
218
218
218
218
218
218
218
218
218
209
209
209
209
209
217
217
217
217
217
217
207
207
207
207
207
228
228
228
228
228
228
228
228
228
228
228
226
226
226
226
226
232
232
232
232
232
245
245
245
245
245
245
237
237
237
237
237
268
268
268
268
268
257
257
257
257
257
257
298
298
298
298
298
297
297
297
297
297
319
319
319
319
319
319
294
294
294
294
294
284
284
284
284
284
245
245
245
245
245
245
237
237
237
237
237
221
221
221
221
221
220
220
220
220
220
220
209
209
209
209
209
207
207
207
207
207
209
209
209
209
209
209
222
222
222
222
222
220
220
220
220
220
242
242
242
242
242
242
243
243
243
243
243
244
244
244
244
244
258
258
258
258
258
258
229
229
229
229
229
219
219
219
219
219
210
210
210
210
210
210
204
204
204
204
204
212
212
212
212
212
207
207
207
207
207
207
219
219
219
219
219
221
221
221
221
221
243
243
243
243
243
243
270
270
270
270
270
284
284
284
284
284
324
324
324
324
324
324
305
305
305
305
305
286
286
286
286
286
249
249
249
249
249
249
230
230
230
230
230
209
209
209
209
209
214
214
214
214
214
214
204
204
204
204
204
211
211
211
211
211
215
215
215
215
215
215
232
232
232
232
232
269
269
269
269
269
358
358
358
358
358
358
652
652
652
652
652
946
946
946
946
946
1030
1030
1030
1030
1030
1030
768
768
768
768
768
438
438
438
438
438
309
309
309
309
309
309
238
238
238
238
238
226
226
226
226
226
216
216
216
216
216
216
213
213
213
213
213
217
217
217
217
217
229
229
229
229
229
229
257
257
257
257
257
281
281
281
281
281
382
382
382
382
382
382
598
598
598
598
598
865
865
865
865
865
957
957
957
957
957
957
854
854
854
854
854
591
591
591
591
591
366
366
366
366
366
366
294
294
294
294
294
251
251
251
251
251
240
240
240
240
240
240
219
219
219
219
219
228
228
228
228
228
249
249
249
249
249
249
261
261
261
261
261
327
327
327
327
327
437
437
437
437
437
437
567
567
567
567
567
655
655
655
655
655
631
631
631
631
631
631
491
491
491
491
491
373
373
373
373
373
298
298
298
298
298
298
282
282
282
282
282
270
270
270
270
270
244
244
244
244
244
244
251
251
251
251
251
255
255
255
255
255
251
251
251
251
251
251
280
280
280
280
280
284
284
284
284
284
287
287
287
287
287
287
283
283
283
283
283
288
288
288
288
288
264
264
264
264
264
264
264
264
264
264
264
257
257
257
257
257
235
235
235
235
235
235
232
232
232
232
232
222
222
222
222
222
231
231
231
231
231
231
232
232
232
232
232
220
220
220
220
220
220
220
220
220
220
220
206
206
206
206
206
220
220
220
220
220
215
215
215
215
215
215
221
221
221
221
221
214
214
214
214
214
207
207
207
207
207
207
211
211
211
211
211
207
207
207
207
207
210
210
210
210
210
210
205
205
205
205
205
201
201
201
201
201
193
193
193
193
193
193
198
198
198
198
198
200
200
200
200
200
197
197
197
197
197
197
192
192
192
192
192
196
196
196
196
196
205
205
205
205
205
205
214
214
214
214
214
207
207
207
207
207
211
211
211
211
211
211
212
212
212
212
212
212
212
212
212
212
216
216
216
216
216
216
218
218
218
218
218
218
218
218
218
218
215
215
215
215
215
215
215
215
215
215
215
207
207
207
207
207
210
210
210
210
210
210
209
209
209
209
209
219
219
219
219
219
220
220
220
220
220
220
223
223
223
223
223
221
221
221
221
221
224
224
224
224
224
224
233
233
233
233
233
233
233
233
233
233
232
232
232
232
232
232
227
227
227
227
227
221
221
221
221
221
217
217
217
217
217
217
208
208
208
208
208
206
206
206
206
206
202
202
202
202
202
202
192
192
192
192
192
203
203
203
203
203
198
198
198
198
198
198
205
205
205
205
205
206
206
206
206
206
209
209
209
209
209
209
213
213
213
213
213
226
226
226
226
226
214
214
214
214
214
214
213
213
213
213
213
205
205
205
205
205
204
204
204
204
204
204
193
193
193
193
193
189
189
189
189
189
192
192
192
192
192
192
196
196
196
196
196
193
193
193
193
193
199
199
199
199
199
199
198
198
198
198
198
195
195
195
195
195
212
212
212
212
212
212
206
206
206
206
206
223
223
223
223
223
221
221
221
221
221
221
233
233
233
233
233
249
249
249
249
249
246
246
246
246
246
246
245
245
245
245
245
239
239
239
239
239
236
236
236
236
236
236
231
231
231
231
231
223
223
223
223
223
226
226
226
226
226
226
231
231
231
231
231
226
226
226
226
226
247
247
247
247
247
247
248
248
248
248
248
263
263
263
263
263
272
272
272
272
272
272
283
283
283
283
283
287
287
287
287
287
276
276
276
276
276
276
269
269
269
269
269
249
249
249
249
249
251
251
251
251
251
251
243
243
243
243
243
232
232
232
232
232
234
234
234
234
234
234
239
239
239
239
239
236
236
236
236
236
239
239
239
239
239
239
248
248
248
248
248
256
256
256
256
256
259
259
259
259
259
259
256
256
256
256
256
252
252
252
252
252
252
252
252
252
252
252
240
240
240
240
240
238
238
238
238
238
238
238
238
238
238
238
235
235
235
235
235
241
241
241
241
241
238
238
238
238
238
238
237
237
237
237
237
232
232
232
232
232
231
231
231
231
231
231
228
228
228
228
228
225
225
225
225
225
234
234
234
234
234
234
225
225
225
225
225
239
239
239
239
239
237
237
237
237
237
237
240
240
240
240
240
246
246
246
246
246
252
252
252
252
252
252
263
263
263
263
263
261
261
261
261
261
265
265
265
265
265
265
261
261
261
261
261
249
249
249
249
249
252
252
252
252
252
252
242
242
242
242
242
240
240
240
240
240
238
238
238
238
238
238
241
241
241
241
241
236
236
236
236
236
248
248
248
248
248
248
250
250
250
250
250
249
249
249
249
249
265
265
265
265
265
265
274
274
274
274
274
291
291
291
291
291
291
291
291
291
291
291
302
302
302
302
302
288
288
288
288
288
285
285
285
285
285
285
274
274
274
274
274
269
269
269
269
269
253
253
253
253
253
253
243
243
243
243
243
240
240
240
240
240
241
241
241
241
241
241
240
240
240
240
240
241
241
241
241
241
249
249
249
249
249
249
253
253
253
253
253
260
260
260
260
260
261
261
261
261
261
261
256
256
256
256
256
273
273
273
273
273
266
266
266
266
266
266
259
259
259
259
259
258
258
258
258
258
247
247
247
247
247
247
234
234
234
234
234
244
244
244
244
244
236
236
236
236
236
236
243
243
243
243
243
258
258
258
258
258
250
250
250
250
250
250
245
245
245
245
245
250
250
250
250
250
252
252
252
252
252
252
255
255
255
255
255
241
241
241
241
241
232
232
232
232
232
232
223
223
223
223
223
215
215
215
215
215
212
212
212
212
212
212
208
208
208
208
208
207
207
207
207
207
210
210
210
210
210
210
210
210
210
210
210
220
220
220
220
220
222
222
222
222
222
222
222
222
222
222
222
223
223
223
223
223
228
228
228
228
228
228
233
233
233
233
233
226
226
226
226
226
223
223
223
223
223
223
218
218
218
218
218
214
214
214
214
214
201
201
201
201
201
201
208
208
208
208
208
207
207
207
207
207
203
203
203
203
203
203
204
204
204
204
204
204
204
204
204
204
201
201
201
201
201
201
203
203
203
203
203
208
208
208
208
208
203
203
203
203
203
203
205
205
205
205
205
210
210
210
210
210
211
211
211
211
211
211
217
217
217
217
217
220
220
220
220
220
219
219
219
219
219
219
222
222
222
222
222
219
219
219
219
219
217
217
217
217
217
217
221
221
221
221
221
213
213
213
213
213
209
209
209
209
209
209
219
219
219
219
219
211
211
211
211
211
208
208
208
208
208
208
216
216
216
216
216
216
216
216
216
216
203
203
203
203
203
203
212
212
212
212
212
213
213
213
213
213
220
220
220
220
220
220
223
223
223
223
223
226
226
226
226
226
216
216
216
216
216
216
225
225
225
225
225
217
217
217
217
217
217
217
217
217
217
217
214
214
214
214
214
219
219
219
219
219
212
212
212
212
212
212
205
205
205
205
205
202
202
202
202
202
201
201
201
201
201
201
213
213
213
213
213
208
208
208
208
208
211
211
211
211
211
211
209
209
209
209
209
217
217
217
217
217
207
207
207
207
207
207
218
218
218
218
218
221
221
221
221
221
225
225
225
225
225
225
215
215
215
215
215
209
209
209
209
209
212
212
212
212
212
212
207
207
207
207
207
213
213
213
213
213
214
214
214
214
214
214
211
211
211
211
211
205
205
205
205
205
210
210
210
210
210
210
218
218
218
218
218
213
213
213
213
213
209
209
209
209
209
209
213
213
213
213
213
216
216
216
216
216
224
224
224
224
224
224
220
220
220
220
220
226
226
226
226
226
230
230
230
230
230
230
217
217
217
217
217
225
225
225
225
225
230
230
230
230
230
230
216
216
216
216
216
227
227
227
227
227
225
225
225
225
225
225
221
221
221
221
221
217
217
217
217
217
219
219
219
219
219
219
212
212
212
212
212
224
224
224
224
224
212
212
212
212
212
212
229
229
229
229
229
217
217
217
217
217
231
231
231
231
231
231
235
235
235
235
235
247
247