218
218
213
213
213
213
213
215
215
215
215
215
215
219
219
219
219
219
218
218
218
218
218
215
215
215
215
215
215
210
210
210
210
210
222
222
222
222
222
214
214
214
214
214
214
213
213
213
213
213
213
213
213
213
213
220
220
220
220
220
220
221
221
221
221
221
216
216
216
216
216
212
212
212
212
212
212
206
206
206
206
206
207
207
207
207
207
214
214
214
214
214
214
207
207
207
207
207
216
216
216
216
216
220
220
220
220
220
220
222
222
222
222
222
217
217
217
217
217
210
210
210
210
210
210
215
215
215
215
215
223
223
223
223
223
220
220
220
220
220
220
204
204
204
204
204
213
213
213
213
213
214
214
214
214
214
214
217
217
217
217
217
213
213
213
213
213
217
217
217
217
217
217
216
216
216
216
216
217
217
217
217
217
219
219
219
219
219
219
210
210
210
210
210
219
219
219
219
219
204
204
204
204
204
204
208
208
208
208
208
220
220
220
220
220
222
222
222
222
222
222
219
219
219
219
219
216
216
216
216
216
215
215
215
215
215
215
217
217
217
217
217
214
214
214
214
214
224
224
224
224
224
224
215
215
215
215
215
211
211
211
211
211
217
217
217
217
217
217
212
212
212
212
212
220
220
220
220
220
222
222
222
222
222
222
219
219
219
219
219
206
206
206
206
206
195
195
195
195
195
195
215
215
215
215
215
216
216
216
216
216
219
219
219
219
219
219
210
210
210
210
210
212
212
212
212
212
213
213
213
213
213
213
215
215
215
215
215
221
221
221
221
221
212
212
212
212
212
212
215
215
215
215
215
214
214
214
214
214
208
208
208
208
208
208
217
217
217
217
217
211
211
211
211
211
212
212
212
212
212
212
222
222
222
222
222
211
211
211
211
211
215
215
215
215
215
215
221
221
221
221
221
215
215
215
215
215
215
215
215
215
215
215
213
213
213
213
213
217
217
217
217
217
225
225
225
225
225
225
222
222
222
222
222
219
219
219
219
219
219
219
219
219
219
219
220
220
220
220
220
225
225
225
225
225
220
220
220
220
220
220
211
211
211
211
211
224
224
224
224
224
209
209
209
209
209
209
223
223
223
223
223
212
212
212
212
212
206
206
206
206
206
206
218
218
218
218
218
227
227
227
227
227
211
211
211
211
211
211
223
223
223
223
223
219
219
219
219
219
214
214
214
214
214
214
215
215
215
215
215
209
209
209
209
209
214
214
214
214
214
214
214
214
214
214
214
217
217
217
217
217
211
211
211
211
211
211
227
227
227
227
227
227
227
227
227
227
215
215
215
215
215
215
225
225
225
225
225
211
211
211
211
211
218
218
218
218
218
218
213
213
213
213
213
215
215
215
215
215
212
212
212
212
212
212
218
218
218
218
218
207
207
207
207
207
223
223
223
223
223
223
223
223
223
223
223
216
216
216
216
216
214
214
214
214
214
214
208
208
208
208
208
215
215
215
215
215
211
211
211
211
211
211
223
223
223
223
223
209
209
209
209
209
221
221
221
221
221
221
212
212
212
212
212
224
224
224
224
224
220
220
220
220
220
220
214
214
214
214
214
223
223
223
223
223
217
217
217
217
217
217
221
221
221
221
221
217
217
217
217
217
215
215
215
215
215
215
218
218
218
218
218
224
224
224
224
224
210
210
210
210
210
210
215
215
215
215
215
217
217
217
217
217
216
216
216
216
216
216
216
216
216
216
216
210
210
210
210
210
221
221
221
221
221
221
214
214
214
214
214
221
221
221
221
221
217
217
217
217
217
217
217
217
217
217
217
216
216
216
216
216
212
212
212
212
212
212
222
222
222
222
222
220
220
220
220
220
222
222
222
222
222
222
226
226
226
226
226
217
217
217
217
217
220
220
220
220
220
220
220
220
220
220
220
212
212
212
212
212
221
221
221
221
221
221
208
208
208
208
208
218
218
218
218
218
216
216
216
216
216
216
205
205
205
205
205
210
210
210
210
210
214
214
214
214
214
214
206
206
206
206
206
217
217
217
217
217
214
214
214
214
214
214
205
205
205
205
205
214
214
214
214
214
215
215
215
215
215
215
209
209
209
209
209
211
211
211
211
211
213
213
213
213
213
213
214
214
214
214
214
217
217
217
217
217
209
209
209
209
209
209
212
212
212
212
212
229
229
229
229
229
220
220
220
220
220
220
217
217
217
217
217
221
221
221
221
221
213
213
213
213
213
213
214
214
214
214
214
206
206
206
206
206
217
217
217
217
217
217
219
219
219
219
219
220
220
220
220
220
211
211
211
211
211
211
220
220
220
220
220
211
211
211
211
211
208
208
208
208
208
208
227
227
227
227
227
211
211
211
211
211
225
225
225
225
225
225
220
220
220
220
220
218
218
218
218
218
210
210
210
210
210
210
211
211
211
211
211
222
222
222
222
222
216
216
216
216
216
216
213
213
213
213
213
214
214
214
214
214
220
220
220
220
220
220
214
214
214
214
214
213
213
213
213
213
216
216
216
216
216
216
228
228
228
228
228
216
216
216
216
216
217
217
217
217
217
217
212
212
212
212
212
222
222
222
222
222
220
220
220
220
220
220
216
216
216
216
216
220
220
220
220
220
221
221
221
221
221
221
212
212
212
212
212
210
210
210
210
210
209
209
209
209
209
209
215
215
215
215
215
214
214
214
214
214
217
217
217
217
217
217
222
222
222
222
222
212
212
212
212
212
216
216
216
216
216
216
219
219
219
219
219
220
220
220
220
220
215
215
215
215
215
215
215
215
215
215
215
209
209
209
209
209
216
216
216
216
216
216
203
203
203
203
203
209
209
209
209
209
204
204
204
204
204
204
216
216
216
216
216
208
208
208
208
208
215
215
215
215
215
215
204
204
204
204
204
207
207
207
207
207
213
213
213
213
213
213
205
205
205
205
205
218
218
218
218
218
225
225
225
225
225
225
202
202
202
202
202
210
210
210
210
210
209
209
209
209
209
209
214
214
214
214
214
215
215
215
215
215
210
210
210
210
210
210
212
212
212
212
212
210
210
210
210
210
211
211
211
211
211
211
211
211
211
211
211
208
208
208
208
208
207
207
207
207
207
207
212
212
212
212
212
204
204
204
204
204
208
208
208
208
208
208
202
202
202
202
202
194
194
194
194
194
206
206
206
206
206
206
204
204
204
204
204
209
209
209
209
209
202
202
202
202
202
202
207
207
207
207
207
208
208
208
208
208
208
208
208
208
208
208
200
200
200
200
200
204
204
204
204
204
192
192
192
192
192
192
211
211
211
211
211
202
202
202
202
202
201
201
201
201
201
201
201
201
201
201
201
191
191
191
191
191
193
193
193
193
193
193
195
195
195
195
195
197
197
197
197
197
199
199
199
199
199
199
199
199
199
199
199
195
195
195
195
195
193
193
193
193
193
193
199
199
199
199
199
196
196
196
196
196
188
188
188
188
188
188
192
192
192
192
192
182
182
182
182
182
179
179
179
179
179
179
183
183
183
183
183
181
181
181
181
181
178
178
178
178
178
178
182
182
182
182
182
189
189
189
189
189
187
187
187
187
187
187
207
207
207
207
207
229
229
229
229
229
567
567
567
567
567
567
1887
1887
1887
1887
1887
3033
3033
3033
3033
3033
3640
3640
3640
3640
3640
3640
3480
3480
3480
3480
3480
2543
2543
2543
2543
2543
1035
1035
1035
1035
1035
1035
249
249
249
249
249
198
198
198
198
198
193
193
193
193
193
193
183
183
183
183
183
181
181
181
181
181
196
196
196
196
196
196
229
229
229
229
229
806
806
806
806
806
3240
3240
3240
3240
3240
3240
4095
4095
4095
4095
4095
4095
4095
4095
4095
4095
4095
4095
4095
4095
4095
4095
4095
4095
4095
4095
4095
2896
2896
2896
2896
2896
278
278
278
278
278
278
183
183
183
183
183
173
173
173
173
173
176
176
176
176
176
176
175
175
175
175
175
173
173
173
173
173
175
175
175
175
175
175
172
172
172
172
172
191
191
191
191
191
250
250
250
250
250
250
2201
2201
2201
2201
2201
4095
4095
4095
4095
4095
4095
4095
4095
4095
4095
4095
4095
4095
4095
4095
4095
4095
4095
4095
4095
4095
4095
4095
4095
4095
4095
4095
3973
3973
3973
3973
3973
1322
1322
1322
1322
1322
219
219
219
219
219
219
188
188
188
188
188
175
175
175
175
175
171
171
171
171
171
171
182
182
182
182
182
185
185
185
185
185
220
220
220
220
220
220
925
925
925
925
925
3803
3803
3803
3803
3803
4095
4095
4095
4095
4095
4095
4095
4095
4095
4095
4095
4095
4095
4095
4095
4095
4095
4095
4095
4095
4095
4095
4095
4095
4095
4095
4095
3147
3147
3147
3147
3147
1522
1522
1522
1522
1522
1522
398
398
398
398
398
250
250
250
250
250
225
225
225
225
225
225
204
204
204
204
204
200
200
200
200
200
207
207
207
207
207
207
213
213
213
213
213
215
215
215
215
215
213
213
213
213
213
213
200
200
200
200
200
188
188
188
188
188
184
184
184
184
184
184
181
181
181
181
181
174
174
174
174
174
175
175
175
175
175
175
173
173
173
173
173
183
183
183
183
183
183
183
183
183
183
183
182
182
182
182
182
201
201
201
201
201
206
206
206
206
206
206
254
254
254
254
254
403
403
403
403
403
1081
1081
1081
1081
1081
1081
1560
1560
1560
1560
1560
1616
1616
1616
1616
1616
1182
1182
1182
1182
1182
1182
579
579
579
579
579
287
287
287
287
287
231
231
231
231
231
231
213
213
213
213
213
196
196
196
196
196
189
189
189
189
189
189
194
194
194
194
194
192
192
192
192
192
191
191
191
191
191
191
193
193
193
193
193
192
192
192
192
192
196
196
196
196
196
196
202
202
202
202
202
206
206
206
206
206
208
208
208
208
208
208
218
218
218
218
218
237
237
237
237
237
230
230
230
230
230
230
253
253
253
253
253
252
252
252
252
252
252
252
252
252
252
252
241
241
241
241
241
233
233
233
233
233
229
229
229
229
229
229
222
222
222
222
222
230
230
230
230
230
229
229
229
229
229
229
229
229
229
229
229
237
237
237
237
237
234
234
234
234
234
234
250
250
250
250
250
245
245
245
245
245
243
243
243
243
243
243
244
244
244
244
244
257
257
257
257
257
272
272
272
272
272
272
336
336
336
336
336
407
407
407
407
407
547
547
547
547
547
547
748
748
748
748
748
911
911
911
911
911
855
855
855
855
855
855
588
588
588
588
588
341
341
341
341
341
255
255
255
255
255
255
225
225
225
225
225
198
198
198
198
198
187
187
187
187
187
187
181
181
181
181
181
176
176
176
176
176
174
174
174
174
174
174
179
179
179
179
179
171
171
171
171
171
179
179
179
179
179
179
185
185
185
185
185
183
183
183
183
183
196
196
196
196
196
196
194
194
194
194
194
193
193
193
193
193
189
189
189
189
189
189
190
190
190
190
190
183
183
183
183
183
180
180
180
180
180
180
181
181
181
181
181
175
175
175
175
175
182
182
182
182
182
182
179
179
179
179
179
176
176
176
176
176
188
188
188
188
188
188
198
198
198
198
198
220
220
220
220
220
266
266
266
266
266
266
379
379
379
379
379
555
555
555
555
555
633
633
633
633
633
633
409
409
409
409
409
259
259
259
259
259
212
212
212
212
212
212
193
193
193
193
193
184
184
184
184
184
183
183
183
183
183
183
177
177
177
177
177
179
179
179
179
179
175
175
175
175
175
175
185
185
185
185
185
189
189
189
189
189
198
198
198
198
198
198
210
210
210
210
210
230
230
230
230
230
235
235
235
235
235
235
227
227
227
227
227
218
218
218
218
218
210
210
210
210
210
210
194
194
194
194
194
186
186
186
186
186
184
184
184
184
184
184
178
178
178
178
178
180
180
180
180
180
180
180
180
180
180
180
179
179
179
179
179
178
178
178
178
178
182
182
182
182
182
182
182
182
182
182
182
180
180
180
180
180
183
183
183
183
183
183
186
186
186
186
186
193
193
193
193
193
205
205
205
205
205
205
197
197
197
197
197
201
201
201
201
201
200
200
200
200
200
200
200
200
200
200
200
198
198
198
198
198
196
196
196
196
196
196
190
190
190
190
190
186
186
186
186
186
188
188
188
188
188
188
190
190
190
190
190
186
186
186
186
186
196
196
196
196
196
196
199
199
199
199
199
210
210
210
210
210
221
221
221
221
221
221
234
234
234
234
234
256
256
256
256
256
245
245
245
245
245
245
240
240
240
240
240
220
220
220
220
220
210
210
210
210
210
210
200
200
200
200
200
193
193
193
193
193
194
194
194
194
194
194
192
192
192
192
192
190
190
190
190
190
192
192
192
192
192
192
198
198
198
198
198
209
209
209
209
209
219
219
219
219
219
219
246
246
246
246
246
269
269
269
269
269
286
286
286
286
286
286
306
306
306
306
306
319
319
319
319
319
301
301
301
301
301
301
281
281
281
281
281
255
255
255
255
255
226
226
226
226
226
226
213
213
213
213
213
203
203
203
203
203
194
194
194
194
194
194
184
184
184
184
184
186
186
186
186
186
181
181
181
181
181
181
174
174
174
174
174
179
179
179
179
179
186
186
186
186
186
186
185
185
185
185
185
192
192
192
192
192
203
203
203
203
203
203
214
214
214
214
214
233
233
233
233
233
265
265
265
265
265
265
315
315
315
315
315
377
377
377
377
377
382
382
382
382
382
382
362
362
362
362
362
333
333
333
333
333
297
297
297
297
297
297
265
265
265
265
265
241
241
241
241
241
236
236
236
236
236
236
239
239
239
239
239
225
225
225
225
225
226
226
226
226
226
226
231
231
231
231
231
230
230
230
230
230
229
229
229
229
229
229
242
242
242
242
242
242
242
242
242
242
249
249
249
249
249
249
243
243
243
243
243
238
238
238
238
238
237
237
237
237
237
237
225
225
225
225
225
229
229
229
229
229
228
228
228
228
228
228
230
230
230
230
230
234
234
234
234
234
239
239
239
239
239
239
254
254
254
254
254
263
263
263
263
263
296
296
296
296
296
296
329
329
329
329
329
335
335
335
335
335
316
316
316
316
316
316
278
278
278
278
278
255
255
255
255
255
234
234
234
234
234
234
222
222
222
222
222
217
217
217
217
217
213
213
213
213
213
213
215
215
215
215
215
213
213
213
213
213
217
217
217
217
217
217
223
223
223
223
223
229
229
229
229
229
250
250
250
250
250
250
263
263
263
263
263
271
271
271
271
271
278
278
278
278
278
278
276
276
276
276
276
267
267
267
267
267
252
252
252
252
252
252
245
245
245
245
245
228
228
228
228
228
224
224
224
224
224
224
227
227
227
227
227
228
228
228
228
228
220
220
220
220
220
220
227
227
227
227
227
225
225
225
225
225
223
223
223
223
223
223
243
243
243
243
243
249
249
249
249
249
253
253
253
253
253
253
263
263
263
263
263
250
250
250
250
250
260
260
260
260
260
260
245
245
245
245
245
251
251
251
251
251
230
230
230
230
230
230
228
228
228
228
228
229
229
229
229
229
226
226
226
226
226
226
223
223
223
223
223
223
223
223
223
223
232
232
232
232
232
232
244
244
244
244
244
254
254
254
254
254
275
275
275
275
275
275
287
287
287
287
287
330
330
330
330
330
316
316
316
316
316
316
311
311
311
311
311
283
283
283
283
283
255
255
255
255
255
255
226
226
226
226
226
224
224
224
224
224
213
213
213
213
213
213
206
206
206
206
206
203
203
203
203
203
202
202
202
202
202
202
198
198
198
198
198
204
204
204
204
204
201
201
201
201
201
201
205
205
205
205
205
208
208
208
208
208
229
229
229
229
229
229
250
250
250
250
250
245
245
245
245
245
276
276
276
276
276
276
276
276
276
276
276
294
294
294
294
294
288
288
288
288
288
288
291
291
291
291
291
270
270
270
270
270
237
237
237
237
237
237
228
228
228
228
228
210
210
210
210
210
214
214
214
214
214
214
202
202
202
202
202
224
224
224
224
224
216
216
216
216
216
216
218
218
218
218
218
220
220
220
220
220
225
225
225
225
225
225
239
239
239
239
239
236
236
236
236
236
256
256
256
256
256
256
250
250
250
250
250
252
252
252
252
252
248
248
248
248
248
248
240
240
240
240
240
227
227
227
227
227
225
225
225
225
225
225
210
210
210
210
210
211
211
211
211
211
212
212
212
212
212
212
213
213
213
213
213
210
210
210
210
210
228
228
228
228
228
228
222
222
222
222
222
209
209
209
209
209
224
224
224
224
224
224
207
207
207
207
207
200
200
200
200
200
213
213
213
213
213
213
204
204
204
204
204
193
193
193
193
193
197
197
197
197
197
197
197
197
197
197
197
193
193
193
193
193
195
195
195
195
195
195
186
186
186
186
186
199
199
199
199
199
194
194
194
194
194
194
191
191
191
191
191
192
192
192
192
192
177
177
177
177
177
177
183
183
183
183
183
193
193
193
193
193
185
185
185
185
185
185
184
184
184
184
184
193
193
193
193
193
201
201
201
201
201
201
195
195
195
195
195
205
205
205
205
205
209
209
209
209
209
209
215
215
215
215
215
213
213
213
213
213
220
220
220
220
220
220
214
214
214
214
214
215
215
215
215
215
217
217
217
217
217
217
207
207
207
207
207
203
203
203
203
203
197
197
197
197
197
197
199
199
199
199
199
185
185
185
185
185
188
188
188
188
188
188
195
195
195
195
195
189
189
189
189
189
199
199
199
199
199
199
204
204
204
204
204
206
206
206
206
206
208
208
208
208
208
208
214
214
214
214
214
217
217
217
217
217
218
218
218
218
218
218
212
212
212
212
212
218
218
218
218
218
217
217
217
217
217
217
218
218
218
218
218
214
214
214
214
214
217
217
217
217
217
217
212
212
212
212
212
199
199
199
199
199
209
209
209
209
209
209
205
205
205
205
205
193
193
193
193
193
200
200
200
200
200
200
202
202
202
202
202
196
196
196
196
196
193
193
193
193
193
193
200
200
200
200
200
202
202
202
202
202
202
202
202
202
202
202
216
216
216
216
216
218
218
218
218
218
235
235
235
235
235
235
250
250
250
250
250
263
263
263
263
263
307
307
307
307
307
307
317
317
317
317
317
296
296
296
296
296
285
285
285
285
285
285
270
270
270
270
270
266
266
266
266
266
246
246
246
246
246
246
224
224
224
224
224
221
221
221
221
221
217
217
217
217
217
217
217
217
217
217
217
220
220
220
220
220
211
211
211
211
211
211
224
224
224
224
224
203
203
203
203
203
219
219
219
219
219
219
211
211
211
211
211
214
214
214
214
214
222
222
222
222
222
222
219
219
219
219
219
237
237
237
237
237
247
247
247
247
247
247
270
270
270
270
270
299
299
299
299
299
378
378
378
378
378
378
454
454
454
454
454
475
475
475
475
475
452
452
452
452
452
452
371
371
371
371
371
309
309
309
309
309
267
267
267
267
267
267
240
240
240
240
240
222
222
222
222
222
204
204
204
204
204
204
217
217
217
217
217
210
210
210
210
210
220
220
220
220
220
220
230
230
230
230
230
264
264
264
264
264
299
299
299
299
299
299
368
368
368
368
368
462
462
462
462
462
509
509
509
509
509
509
453
453
453
453
453
367
367
367
367
367
288
288
288
288
288
288
251
251
251
251
251
236
236
236
236
236
213
213
213
213
213
213
208
208
208
208
208
220
220
220
220
220
214
214
214
214
214
214
218
218
218
218
218
222
222
222
222
222
227
227
227
227
227
227
224
224
224
224
224
231
231
231
231
231
236
236
236
236
236
236
240
240
240
240
240
245
245
245
245
245
260
260
260
260
260
260
259
259
259
259
259
291
291
291
291
291
293
293
293
293
293
293
304
304
304
304
304
279
279
279
279
279
265
265
265
265
265
265
259
259
259
259
259
236
236
236
236
236
227
227
227
227
227
227
209
209
209
209
209
208
208
208
208
208
213
213
213
213
213
213
201
201
201
201
201
203
203
203
203
203
201
201
201
201
201
201
214
214
214
214
214
211
211
211
211
211
221
221
221
221
221
221
238
238
238
238
238
245
245
245
245
245
242
242
242
242
242
242
252
252
252
252
252
249
249
249
249
249
245
245
245
245
245
245
240
240
240
240
240
234
234
234
234
234
230
230
230
230
230
230
234
234
234
234
234
223
223
223
223
223
226
226
226
226
226
226
220
220
220
220
220
214
214
214
214
214
207
207
207
207
207
207
211
211
211
211
211
215
215
215
215
215
215
215
215
215
215
215
211
211
211
211
211
211
211
211
211
211
214
214
214
214
214
214
206
206
206
206
206
202
202
202
202
202
202
202
202
202
202
202
193
193
193
193
193
198
198
198
198
198
189
189
189
189
189
189
191
191
191
191
191
196
196
196
196
196
197
197
197
197
197
197
193
193
193
193
193
197
197
197
197
197
194
194
194
194
194
194
197
197
197
197
197
193
193
193
193
193
190
190
190
190
190
190
196
196
196
196
196
199
199
199
199
199
202
202
202
202
202
202
201
201
201
201
201
204
204
204
204
204
203
203
203
203
203
203
204
204
204
204
204
207
207
207
207
207
203
203
203
203
203
203
216
216
216
216
216
205
205
205
205
205
203
203
203
203
203
203
202
202
202
202
202
192
192
192
192
192
209
209
209
209
209
209
202
202
202
202
202
200
200
200
200
200
185
185
185
185
185
185
203
203
203
203
203
206
206
206
206
206
206
206
206
206
206
206
205
205
205
205
205
210
210
210
210
210
204
204
204
204
204
204
226
226
226
226
226
204
204
204
204
204
211
211
211
211
211
211
202
202
202
202
202
205
205
205
205
205
201
201
201
201
201
201
201
201
201
201
201
211
211
211
211
211
209
209
209
209
209
209
214
214
214
214
214
224
224
224
224
224
220
220
220
220
220
220
214
214
214
214
214
223
223
223
223
223
227
227
227
227
227
227
220
220
220
220
220
221
221
221
221
221
225
225
225
225
225
225
213
213
213
213
213
210
210
210
210
210
202
202
202
202
202
202
208
208
208
208
208
212
212
212
212
212
203
203
203
203
203
203
208
208
208
208
208
199
199
199
199
199
210
210
210
210
210
210
207
207
207
207
207
220
220
220
220
220
205
205
205
205
205
205
209
209
209
209
209
240
240
240
240
240
247
247
247
247
247
247
255
255
255
255
255
251
251
251
251
251
267
267
267
267
267
267
265
265
265
265
265
265
265
265
265
265
267
267
267
267
267
267
263
263
263
263
263
255
255
255
255
255
245
245
245
245
245
245
234
234
234
234
234
240
240
240
240
240
224
224
224
224
224
224
224
224
224
224
224
235
235
235
235
235
230
230
230
230
230
230
233
233
233
233
233
243
243
243
243
243
241
241
241
241
241
241
255
255
255
255
255
253
253
253
253
253
254
254
254
254
254
254
248
248
248
248
248
242
242
242
242
242
234
234
234
234
234
234
237
237
237
237
237
238
238
238
238
238