211
211
220
220
220
220
220
220
214
214
214
214
214
213
213
213
213
213
211
211
211
211
211
211
212
212
212
212
212
218
218
218
218
218
211
211
211
211
211
211
225
225
225
225
225
219
219
219
219
219
213
213
213
213
213
213
214
214
214
214
214
211
211
211
211
211
217
217
217
217
217
217
206
206
206
206
206
218
218
218
218
218
222
222
222
222
222
222
215
215
215
215
215
221
221
221
221
221
215
215
215
215
215
215
218
218
218
218
218
211
211
211
211
211
210
210
210
210
210
210
212
212
212
212
212
217
217
217
217
217
222
222
222
222
222
222
212
212
212
212
212
209
209
209
209
209
208
208
208
208
208
208
210
210
210
210
210
215
215
215
215
215
220
220
220
220
220
220
215
215
215
215
215
217
217
217
217
217
211
211
211
211
211
211
210
210
210
210
210
208
208
208
208
208
217
217
217
217
217
217
217
217
217
217
217
217
217
217
217
217
217
217
217
217
217
217
215
215
215
215
215
211
211
211
211
211
218
218
218
218
218
218
208
208
208
208
208
215
215
215
215
215
213
213
213
213
213
213
210
210
210
210
210
220
220
220
220
220
225
225
225
225
225
225
219
219
219
219
219
210
210
210
210
210
216
216
216
216
216
216
212
212
212
212
212
212
212
212
212
212
213
213
213
213
213
213
220
220
220
220
220
213
213
213
213
213
208
208
208
208
208
208
216
216
216
216
216
210
210
210
210
210
217
217
217
217
217
217
213
213
213
213
213
214
214
214
214
214
224
224
224
224
224
224
222
222
222
222
222
221
221
221
221
221
213
213
213
213
213
213
223
223
223
223
223
216
216
216
216
216
215
215
215
215
215
215
216
216
216
216
216
218
218
218
218
218
217
217
217
217
217
217
213
213
213
213
213
214
214
214
214
214
213
213
213
213
213
213
214
214
214
214
214
213
213
213
213
213
213
213
213
213
213
213
215
215
215
215
215
208
208
208
208
208
221
221
221
221
221
221
213
213
213
213
213
222
222
222
222
222
218
218
218
218
218
218
219
219
219
219
219
204
204
204
204
204
212
212
212
212
212
212
213
213
213
213
213
213
213
213
213
213
211
211
211
211
211
211
216
216
216
216
216
221
221
221
221
221
215
215
215
215
215
215
223
223
223
223
223
220
220
220
220
220
221
221
221
221
221
221
212
212
212
212
212
218
218
218
218
218
219
219
219
219
219
219
220
220
220
220
220
211
211
211
211
211
213
213
213
213
213
213
214
214
214
214
214
206
206
206
206
206
218
218
218
218
218
218
215
215
215
215
215
213
213
213
213
213
218
218
218
218
218
218
216
216
216
216
216
224
224
224
224
224
217
217
217
217
217
217
219
219
219
219
219
217
217
217
217
217
223
223
223
223
223
223
213
213
213
213
213
221
221
221
221
221
214
214
214
214
214
214
218
218
218
218
218
219
219
219
219
219
221
221
221
221
221
221
216
216
216
216
216
208
208
208
208
208
214
214
214
214
214
214
226
226
226
226
226
225
225
225
225
225
217
217
217
217
217
217
208
208
208
208
208
223
223
223
223
223
204
204
204
204
204
204
215
215
215
215
215
217
217
217
217
217
212
212
212
212
212
212
212
212
212
212
212
222
222
222
222
222
210
210
210
210
210
210
206
206
206
206
206
201
201
201
201
201
215
215
215
215
215
215
214
214
214
214
214
207
207
207
207
207
203
203
203
203
203
203
218
218
218
218
218
211
211
211
211
211
218
218
218
218
218
218
214
214
214
214
214
213
213
213
213
213
216
216
216
216
216
216
207
207
207
207
207
215
215
215
215
215
221
221
221
221
221
221
209
209
209
209
209
211
211
211
211
211
215
215
215
215
215
215
214
214
214
214
214
205
205
205
205
205
213
213
213
213
213
213
218
218
218
218
218
215
215
215
215
215
214
214
214
214
214
214
218
218
218
218
218
212
212
212
212
212
214
214
214
214
214
214
211
211
211
211
211
200
200
200
200
200
212
212
212
212
212
212
216
216
216
216
216
217
217
217
217
217
207
207
207
207
207
207
222
222
222
222
222
217
217
217
217
217
209
209
209
209
209
209
213
213
213
213
213
213
213
213
213
213
211
211
211
211
211
211
212
212
212
212
212
212
212
212
212
212
212
212
212
212
212
212
212
212
212
212
212
202
202
202
202
202
220
220
220
220
220
220
208
208
208
208
208
213
213
213
213
213
203
203
203
203
203
203
216
216
216
216
216
207
207
207
207
207
207
207
207
207
207
207
211
211
211
211
211
205
205
205
205
205
210
210
210
210
210
210
213
213
213
213
213
214
214
214
214
214
206
206
206
206
206
206
214
214
214
214
214
215
215
215
215
215
211
211
211
211
211
211
206
206
206
206
206
208
208
208
208
208
210
210
210
210
210
210
209
209
209
209
209
208
208
208
208
208
211
211
211
211
211
211
213
213
213
213
213
210
210
210
210
210
205
205
205
205
205
205
207
207
207
207
207
204
204
204
204
204
221
221
221
221
221
221
207
207
207
207
207
209
209
209
209
209
198
198
198
198
198
198
221
221
221
221
221
207
207
207
207
207
215
215
215
215
215
215
209
209
209
209
209
204
204
204
204
204
207
207
207
207
207
207
212
212
212
212
212
211
211
211
211
211
209
209
209
209
209
209
215
215
215
215
215
209
209
209
209
209
215
215
215
215
215
215
207
207
207
207
207
201
201
201
201
201
203
203
203
203
203
203
207
207
207
207
207
201
201
201
201
201
200
200
200
200
200
200
202
202
202
202
202
194
194
194
194
194
190
190
190
190
190
190
189
189
189
189
189
196
196
196
196
196
188
188
188
188
188
188
200
200
200
200
200
203
203
203
203
203
204
204
204
204
204
204
208
208
208
208
208
234
234
234
234
234
277
277
277
277
277
277
361
361
361
361
361
608
608
608
608
608
777
777
777
777
777
777
839
839
839
839
839
726
726
726
726
726
504
504
504
504
504
504
329
329
329
329
329
254
254
254
254
254
234
234
234
234
234
234
213
213
213
213
213
209
209
209
209
209
196
196
196
196
196
196
202
202
202
202
202
195
195
195
195
195
188
188
188
188
188
188
199
199
199
199
199
200
200
200
200
200
204
204
204
204
204
204
206
206
206
206
206
205
205
205
205
205
219
219
219
219
219
219
212
212
212
212
212
234
234
234
234
234
237
237
237
237
237
237
229
229
229
229
229
222
222
222
222
222
226
226
226
226
226
226
215
215
215
215
215
215
215
215
215
215
208
208
208
208
208
208
199
199
199
199
199
206
206
206
206
206
202
202
202
202
202
202
188
188
188
188
188
190
190
190
190
190
193
193
193
193
193
193
191
191
191
191
191
200
200
200
200
200
196
196
196
196
196
196
203
203
203
203
203
206
206
206
206
206
220
220
220
220
220
220
224
224
224
224
224
224
224
224
224
224
231
231
231
231
231
231
226
226
226
226
226
237
237
237
237
237
245
245
245
245
245
245
238
238
238
238
238
240
240
240
240
240
238
238
238
238
238
238
245
245
245
245
245
256
256
256
256
256
254
254
254
254
254
254
269
269
269
269
269
265
265
265
265
265
265
265
265
265
265
265
255
255
255
255
255
243
243
243
243
243
232
232
232
232
232
232
226
226
226
226
226
220
220
220
220
220
214
214
214
214
214
214
210
210
210
210
210
195
195
195
195
195
206
206
206
206
206
206
211
211
211
211
211
197
197
197
197
197
214
214
214
214
214
214
220
220
220
220
220
229
229
229
229
229
241
241
241
241
241
241
241
241
241
241
241
272
272
272
272
272
291
291
291
291
291
291
282
282
282
282
282
283
283
283
283
283
287
287
287
287
287
287
265
265
265
265
265
258
258
258
258
258
249
249
249
249
249
249
234
234
234
234
234
223
223
223
223
223
208
208
208
208
208
208
210
210
210
210
210
203
203
203
203
203
208
208
208
208
208
208
202
202
202
202
202
198
198
198
198
198
208
208
208
208
208
208
206
206
206
206
206
212
212
212
212
212
211
211
211
211
211
211
206
206
206
206
206
226
226
226
226
226
222
222
222
222
222
222
216
216
216
216
216
213
213
213
213
213
214
214
214
214
214
214
211
211
211
211
211
205
205
205
205
205
205
205
205
205
205
205
207
207
207
207
207
213
213
213
213
213
223
223
223
223
223
223
229
229
229
229
229
247
247
247
247
247
277
277
277
277
277
277
280
280
280
280
280
299
299
299
299
299
290
290
290
290
290
290
263
263
263
263
263
242
242
242
242
242
228
228
228
228
228
228
217
217
217
217
217
205
205
205
205
205
204
204
204
204
204
204
198
198
198
198
198
202
202
202
202
202
201
201
201
201
201
201
193
193
193
193
193
197
197
197
197
197
200
200
200
200
200
200
206
206
206
206
206
210
210
210
210
210
216
216
216
216
216
216
228
228
228
228
228
236
236
236
236
236
238
238
238
238
238
238
237
237
237
237
237
232
232
232
232
232
214
214
214
214
214
214
217
217
217
217
217
209
209
209
209
209
208
208
208
208
208
208
212
212
212
212
212
208
208
208
208
208
213
213
213
213
213
213
215
215
215
215
215
220
220
220
220
220
227
227
227
227
227
227
227
227
227
227
227
238
238
238
238
238
248
248
248
248
248
248
261
261
261
261
261
278
278
278
278
278
281
281
281
281
281
281
287
287
287
287
287
271
271
271
271
271
253
253
253
253
253
253
237
237
237
237
237
221
221
221
221
221
208
208
208
208
208
208
201
201
201
201
201
199
199
199
199
199
198
198
198
198
198
198
204
204
204
204
204
203
203
203
203
203
212
212
212
212
212
212
211
211
211
211
211
218
218
218
218
218
221
221
221
221
221
221
217
217
217
217
217
205
205
205
205
205
195
195
195
195
195
195
188
188
188
188
188
177
177
177
177
177
175
175
175
175
175
175
176
176
176
176
176
177
177
177
177
177
173
173
173
173
173
173
182
182
182
182
182
176
176
176
176
176
187
187
187
187
187
187
195
195
195
195
195
215
215
215
215
215
251
251
251
251
251
251
463
463
463
463
463
1381
1381
1381
1381
1381
2417
2417
2417
2417
2417
2417
3282
3282
3282
3282
3282
3941
3941
3941
3941
3941
4095
4095
4095
4095
4095
4095
4095
4095
4095
4095
4095
4095
4095
4095
4095
4095
4095
4095
4095
4095
4095
4095
4095
4095
4095
4095
4095
4095
4095
4095
4095
4095
4095
4095
4095
4095
4095
4095
4095
4095
4095
4095
4095
4095
4095
4095
4095
4095
3961
3961
3961
3961
3961
3961
3305
3305
3305
3305
3305
2648
2648
2648
2648
2648
2052
2052
2052
2052
2052
2052
1469
1469
1469
1469
1469
956
956
956
956
956
604
604
604
604
604
604
421
421
421
421
421
347
347
347
347
347
297
297
297
297
297
297
274
274
274
274
274
266
266
266
266
266
252
252
252
252
252
252
236
236
236
236
236
229
229
229
229
229
226
226
226
226
226
226
232
232
232
232
232
225
225
225
225
225
226
226
226
226
226
226
223
223
223
223
223
221
221
221
221
221
230
230
230
230
230
230
232
232
232
232
232
246
246
246
246
246
245
245
245
245
245
245
247
247
247
247
247
240
240
240
240
240
229
229
229
229
229
229
227
227
227
227
227
218
218
218
218
218
215
215
215
215
215
215
213
213
213
213
213
205
205
205
205
205
212
212
212
212
212
212
220
220
220
220
220
217
217
217
217
217
215
215
215
215
215
215
220
220
220
220
220
219
219
219
219
219
218
218
218
218
218
218
205
205
205
205
205
215
215
215
215
215
220
220
220
220
220
220
240
240
240
240
240
270
270
270
270
270
395
395
395
395
395
395
936
936
936
936
936
1813
1813
1813
1813
1813
2751
2751
2751
2751
2751
2751
3476
3476
3476
3476
3476
3983
3983
3983
3983
3983
4095
4095
4095
4095
4095
4095
3905
3905
3905
3905
3905
3314
3314
3314
3314
3314
2562
2562
2562
2562
2562
2562
1727
1727
1727
1727
1727
854
854
854
854
854
341
341
341
341
341
341
261
261
261
261
261
229
229
229
229
229
223
223
223
223
223
223
219
219
219
219
219
209
209
209
209
209
208
208
208
208
208
208
193
193
193
193
193
209
209
209
209
209
199
199
199
199
199
199
204
204
204
204
204
203
203
203
203
203
205
205
205
205
205
205
207
207
207
207
207
215
215
215
215
215
234
234
234
234
234
234
253
253
253
253
253
281
281
281
281
281
297
297
297
297
297
297
303
303
303
303
303
286
286
286
286
286
257
257
257
257
257
257
241
241
241
241
241
220
220
220
220
220
209
209
209
209
209
209
200
200
200
200
200
198
198
198
198
198
190
190
190
190
190
190
192
192
192
192
192
191
191
191
191
191
193
193
193
193
193
193
202
202
202
202
202
208
208
208
208
208
212
212
212
212
212
212
228
228
228
228
228
231
231
231
231
231
232
232
232
232
232
232
232
232
232
232
232
232
232
232
232
232
222
222
222
222
222
222
222
222
222
222
222
234
234
234
234
234
251
251
251
251
251
251
280
280
280
280
280
391
391
391
391
391
557
557
557
557
557
557
718
718
718
718
718
756
756
756
756
756
619
619
619
619
619
619
408
408
408
408
408
293
293
293
293
293
235
235
235
235
235
235
227
227
227
227
227
218
218
218
218
218
204
204
204
204
204
204
196
196
196
196
196
202
202
202
202
202
203
203
203
203
203
203
214
214
214
214
214
219
219
219
219
219
231
231
231
231
231
231
246
246
246
246
246
245
245
245
245
245
238
238
238
238
238
238
242
242
242
242
242
224
224
224
224
224
213
213
213
213
213
213
214
214
214
214
214
221
221
221
221
221
212
212
212
212
212
212
205
205
205
205
205
203
203
203
203
203
191
191
191
191
191
191
198
198
198
198
198
191
191
191
191
191
198
198
198
198
198
198
195
195
195
195
195
195
195
195
195
195
196
196
196
196
196
196
207
207
207
207
207
217
217
217
217
217
237
237
237
237
237
237
243
243
243
243
243
254
254
254
254
254
250
250
250
250
250
250
270
270
270
270
270
269
269
269
269
269
256
256
256
256
256
256
276
276
276
276
276
311
311
311
311
311
339
339
339
339
339
339
429
429
429
429
429
545
545
545
545
545
639
639
639
639
639
639
656
656
656
656
656
561
561
561
561
561
413
413
413
413
413
413
336
336
336
336
336
292
292
292
292
292
259
259
259
259
259
259
254
254
254
254
254
259
259
259
259
259
270
270
270
270
270
270
267
267
267
267
267
323
323
323
323
323
369
369
369
369
369
369
476
476
476
476
476
584
584
584
584
584
588
588
588
588
588
588
584
584
584
584
584
495
495
495
495
495
374
374
374
374
374
374
319
319
319
319
319
284
284
284
284
284
253
253
253
253
253
253
245
245
245
245
245
245
245
245
245
245
251
251
251
251
251
251
237
237
237
237
237
253
253
253
253
253
267
267
267
267
267
267
248
248
248
248
248
253
253
253
253
253
249
249
249
249
249
249
234
234
234
234
234
236
236
236
236
236
232
232
232
232
232
232
222
222
222
222
222
208
208
208
208
208
197
197
197
197
197
197
198
198
198
198
198
204
204
204
204
204
207
207
207
207
207
207
211
211
211
211
211
222
222
222
222
222
246
246
246
246
246
246
258
258
258
258
258
254
254
254
254
254
316
316
316
316
316
316
304
304
304
304
304
309
309
309
309
309
289
289
289
289
289
289
286
286
286
286
286
261
261
261
261
261
255
255
255
255
255
255
247
247
247
247
247
240
240
240
240
240
240
240
240
240
240
240
235
235
235
235
235
233
233
233
233
233
252
252
252
252
252
252
256
256
256
256
256
285
285
285
285
285
309
309
309
309
309
309
389
389
389
389
389
551
551
551
551
551
747
747
747
747
747
747
906
906
906
906
906
949
949
949
949
949
885
885
885
885
885
885
652
652
652
652
652
497
497
497
497
497
331
331
331
331
331
331
291
291
291
291
291
245
245
245
245
245
248
248
248
248
248
248
246
246
246
246
246
232
232
232
232
232
255
255
255
255
255
255
285
285
285
285
285
293
293
293
293
293
413
413
413
413
413
413
618
618
618
618
618
888
888
888
888
888
1082
1082
1082
1082
1082
1082
1182
1182
1182
1182
1182
1058
1058
1058
1058
1058
817
817
817
817
817
817
513
513
513
513
513
319
319
319
319
319
266
266
266
266
266
266
247
247
247
247
247
231
231
231
231
231
231
231
231
231
231
231
233
233
233
233
233
230
230
230
230
230
253
253
253
253
253
253
244
244
244
244
244
273
273
273
273
273
295
295
295
295
295
295
302
302
302
302
302
309
309
309
309
309
318
318
318
318
318
318
297
297
297
297
297
288
288
288
288
288
276
276
276
276
276
276
286
286
286
286
286
265
265
265
265
265
242
242
242
242
242
242
250
250
250
250
250
240
240
240
240
240
227
227
227
227
227
227
232
232
232
232
232
226
226
226
226
226
226
226
226
226
226
226
232
232
232
232
232
234
234
234
234
234
231
231
231
231
231
231
247
247
247
247
247
243
243
243
243
243
250
250
250
250
250
250
255
255
255
255
255
255
255
255
255
255
258
258
258
258
258
258
233
233
233
233
233
242
242
242
242
242
230
230
230
230
230
230
228
228
228
228
228
217
217
217
217
217
205
205
205
205
205
205
215
215
215
215
215
218
218
218
218
218
198
198
198
198
198
198
209
209
209
209
209
212
212
212
212
212
215
215
215
215
215
215
225
225
225
225
225
224
224
224
224
224
228
228
228
228
228
228
227
227
227
227
227
229
229
229
229
229
228
228
228
228
228
228
221
221
221
221
221
240
240
240
240
240
229
229
229
229
229
229
224
224
224
224
224
225
225
225
225
225
225
225
225
225
225
225
228
228
228
228
228
225
225
225
225
225
227
227
227
227
227
227
232
232
232
232
232
216
216
216
216
216
240
240
240
240
240
240
231
231
231
231
231
214
214
214
214
214
224
224
224
224
224
224
219
219
219
219
219
217
217
217
217
217
231
231
231
231
231
231
226
226
226
226
226
231
231
231
231
231
237
237
237
237
237
237
230
230
230
230
230
222
222
222
222
222
229
229
229
229
229
229
235
235
235
235
235
223
223
223
223
223
236
236
236
236
236
236
221
221
221
221
221
231
231
231
231
231
237
237
237
237
237
237
234
234
234
234
234
237
237
237
237
237
241
241
241
241
241
241
246
246
246
246
246
230
230
230
230
230
227
227
227
227
227
227
226
226
226
226
226
213
213
213
213
213
215
215
215
215
215
215
208
208
208
208
208
204
204
204
204
204
210
210
210
210
210
210
206
206
206
206
206
211
211
211
211
211
219
219
219
219
219
219
222
222
222
222
222
232
232
232
232
232
240
240
240
240
240
240
249
249
249
249
249
269
269
269
269
269
270
270
270
270
270
270
260
260
260
260
260
247
247
247
247
247
255
255
255
255
255
255
251
251
251
251
251
234
234
234
234
234
234
234
234
234
234
234
231
231
231
231
231
221
221
221
221
221
232
232
232
232
232
232
229
229
229
229
229
240
240
240
240
240
246
246
246
246
246
246
245
245
245
245
245
267
267
267
267
267
280
280
280
280
280
280
274
274
274
274
274
273
273
273
273
273
271
271
271
271
271
271
265
265
265
265
265
248
248
248
248
248
245
245
245
245
245
245
262
262
262
262
262
248
248
248
248
248
236
236
236
236
236
236
272
272
272
272
272
312
312
312
312
312
398
398
398
398
398
398
650
650
650
650
650
943
943
943
943
943
1068
1068
1068
1068
1068
1068
953
953
953
953
953
635
635
635
635
635
330
330
330
330
330
330
263
263
263
263
263
228
228
228
228
228
212
212
212
212
212
212
207
207
207
207
207
207
207
207
207
207
220
220
220
220
220
220
224
224
224
224
224
266
266
266
266
266
368
368
368
368
368
368
647
647
647
647
647
976
976
976
976
976
1039
1039
1039
1039
1039
1039
827
827
827
827
827
498
498
498
498
498
309
309
309
309
309
309
269
269
269
269
269
229
229
229
229
229
226
226
226
226
226
226
223
223
223
223
223
233
233
233
233
233
251
251
251
251
251
251
300
300
300
300
300
444
444
444
444
444
751
751
751
751
751
751
924
924
924
924
924
877
877
877
877
877
563
563
563
563
563
563
336
336
336
336
336
250
250
250
250
250
236
236
236
236
236
236
208
208
208
208
208
211
211
211
211
211
211
211
211
211
211
211
215
215
215
215
215
232
232
232
232
232
240
240
240
240
240
240
291
291
291
291
291
374
374
374
374
374
526
526
526
526
526
526
606
606
606
606
606
542
542
542
542
542
390
390
390
390
390
390
301
301
301
301
301
259
259
259
259
259
232
232
232
232
232
232
217
217
217
217
217
226
226
226
226
226
229
229
229
229
229
229
254
254
254
254
254
261
261
261
261
261
318
318
318
318
318
318
362
362
362
362
362
341
341
341
341
341
311
311
311
311
311
311
281
281
281
281
281
250
250
250
250
250
222
222
222
222
222
222
219
219
219
219
219
211
211
211
211
211
198
198
198
198
198
198
213
213
213
213
213
221
221
221
221
221
216
216
216
216
216
216
233
233
233
233
233
234
234
234
234
234
250
250
250
250
250
250
251
251
251
251
251
250
250
250
250
250
237
237
237
237
237
237
231
231
231
231
231
223
223
223
223
223
220
220
220
220
220
220
208
208
208
208
208
221
221
221
221
221
219
219
219
219
219
219
221
221
221
221
221
220
220
220
220
220
235
235
235
235
235
235
230
230
230
230
230
227
227
227
227
227
231
231
231
231
231
231
227
227
227
227
227
232
232
232
232
232
235
235
235
235
235
235
221
221
221
221
221
233
233
233
233
233
238
238
238
238
238
238
236
236
236
236
236
250
250
250
250
250
255
255
255
255
255
255
235
235
235
235
235
236
236
236
236
236
241
241
241
241
241
241
235
235
235
235
235
227
227
227
227
227
224
224
224
224
224
224
214
214
214
214
214
208
208
208
208
208
201
201
201
201
201
201
201
201
201
201
201
210
210
210
210
210
206
206
206
206
206
206
209
209
209
209
209
217
217
217
217
217
231
231
231
231
231
231
239
239
239
239
239
251
251
251
251
251
237
237
237
237
237
237
243
243
243
243
243
233
233
233
233
233
210
210
210
210
210
210
222
222
222
222
222
208
208
208
208
208
207
207
207
207
207
207
208
208
208
208
208
207
207
207
207
207
213
213
213
213
213
213
210
210
210
210
210
217
217
217
217
217
215
215
215
215
215
215
211
211
211
211
211
224
224
224
224
224
225
225
225
225
225
225
227
227
227
227
227
232
232
232
232
232
225
225
225
225
225
225
227
227
227
227
227
240
240
240
240
240
239
239
239
239
239
239
246
246
246
246
246
246
246
246
246
246
237
237
237
237
237