210
210
210
210
210
205
205
205
205
205
217
217
217
217
217
211
211
211
211
211
211
221
221
221
221
221
215
215
215
215
215
217
217
217
217
217
217
215
215
215
215
215
215
215
215
215
215
210
210
210
210
210
210
219
219
219
219
219
218
218
218
218
218
217
217
217
217
217
217
203
203
203
203
203
217
217
217
217
217
218
218
218
218
218
218
207
207
207
207
207
212
212
212
212
212
216
216
216
216
216
216
212
212
212
212
212
213
213
213
213
213
209
209
209
209
209
209
214
214
214
214
214
218
218
218
218
218
216
216
216
216
216
216
212
212
212
212
212
223
223
223
223
223
220
220
220
220
220
220
215
215
215
215
215
223
223
223
223
223
217
217
217
217
217
217
215
215
215
215
215
220
220
220
220
220
211
211
211
211
211
211
213
213
213
213
213
218
218
218
218
218
211
211
211
211
211
211
215
215
215
215
215
219
219
219
219
219
219
219
219
219
219
219
211
211
211
211
211
217
217
217
217
217
221
221
221
221
221
221
219
219
219
219
219
216
216
216
216
216
216
216
216
216
216
216
215
215
215
215
215
214
214
214
214
214
215
215
215
215
215
215
216
216
216
216
216
212
212
212
212
212
216
216
216
216
216
216
212
212
212
212
212
218
218
218
218
218
214
214
214
214
214
214
211
211
211
211
211
215
215
215
215
215
214
214
214
214
214
214
210
210
210
210
210
216
216
216
216
216
217
217
217
217
217
217
219
219
219
219
219
210
210
210
210
210
210
210
210
210
210
210
215
215
215
215
215
213
213
213
213
213
212
212
212
212
212
212
208
208
208
208
208
215
215
215
215
215
217
217
217
217
217
217
215
215
215
215
215
216
216
216
216
216
215
215
215
215
215
215
214
214
214
214
214
215
215
215
215
215
215
215
215
215
215
215
216
216
216
216
216
222
222
222
222
222
214
214
214
214
214
214
207
207
207
207
207
214
214
214
214
214
218
218
218
218
218
218
217
217
217
217
217
215
215
215
215
215
214
214
214
214
214
214
220
220
220
220
220
212
212
212
212
212
218
218
218
218
218
218
217
217
217
217
217
214
214
214
214
214
217
217
217
217
217
217
217
217
217
217
217
217
217
217
217
217
217
217
217
217
217
217
220
220
220
220
220
217
217
217
217
217
217
217
217
217
217
217
217
217
217
217
217
214
214
214
214
214
209
209
209
209
209
209
214
214
214
214
214
216
216
216
216
216
214
214
214
214
214
214
208
208
208
208
208
212
212
212
212
212
210
210
210
210
210
210
209
209
209
209
209
206
206
206
206
206
213
213
213
213
213
213
209
209
209
209
209
216
216
216
216
216
214
214
214
214
214
214
217
217
217
217
217
218
218
218
218
218
220
220
220
220
220
220
219
219
219
219
219
221
221
221
221
221
219
219
219
219
219
219
221
221
221
221
221
219
219
219
219
219
225
225
225
225
225
225
216
216
216
216
216
209
209
209
209
209
214
214
214
214
214
214
213
213
213
213
213
215
215
215
215
215
218
218
218
218
218
218
212
212
212
212
212
218
218
218
218
218
219
219
219
219
219
219
220
220
220
220
220
215
215
215
215
215
215
215
215
215
215
215
211
211
211
211
211
217
217
217
217
217
215
215
215
215
215
215
215
215
215
215
215
218
218
218
218
218
214
214
214
214
214
214
217
217
217
217
217
215
215
215
215
215
212
212
212
212
212
212
219
219
219
219
219
217
217
217
217
217
217
217
217
217
217
217
217
217
217
217
217
212
212
212
212
212
212
212
212
212
212
212
213
213
213
213
213
218
218
218
218
218
221
221
221
221
221
221
216
216
216
216
216
218
218
218
218
218
218
218
218
218
218
218
221
221
221
221
221
218
218
218
218
218
212
212
212
212
212
212
205
205
205
205
205
206
206
206
206
206
211
211
211
211
211
211
215
215
215
215
215
214
214
214
214
214
222
222
222
222
222
222
220
220
220
220
220
216
216
216
216
216
221
221
221
221
221
221
219
219
219
219
219
225
225
225
225
225
212
212
212
212
212
212
211
211
211
211
211
214
214
214
214
214
206
206
206
206
206
206
205
205
205
205
205
203
203
203
203
203
197
197
197
197
197
197
195
195
195
195
195
196
196
196
196
196
197
197
197
197
197
197
199
199
199
199
199
205
205
205
205
205
206
206
206
206
206
206
214
214
214
214
214
216
216
216
216
216
226
226
226
226
226
226
225
225
225
225
225
233
233
233
233
233
235
235
235
235
235
235
221
221
221
221
221
224
224
224
224
224
222
222
222
222
222
222
214
214
214
214
214
219
219
219
219
219
212
212
212
212
212
212
208
208
208
208
208
205
205
205
205
205
212
212
212
212
212
212
206
206
206
206
206
208
208
208
208
208
210
210
210
210
210
210
201
201
201
201
201
210
210
210
210
210
210
210
210
210
210
210
219
219
219
219
219
215
215
215
215
215
217
217
217
217
217
217
220
220
220
220
220
217
217
217
217
217
220
220
220
220
220
220
212
212
212
212
212
224
224
224
224
224
206
206
206
206
206
206
206
206
206
206
206
205
205
205
205
205
208
208
208
208
208
208
202
202
202
202
202
202
202
202
202
202
202
202
202
202
202
202
193
193
193
193
193
207
207
207
207
207
202
202
202
202
202
202
201
201
201
201
201
201
201
201
201
201
208
208
208
208
208
208
201
201
201
201
201
204
204
204
204
204
199
199
199
199
199
199
203
203
203
203
203
200
200
200
200
200
189
189
189
189
189
189
197
197
197
197
197
189
189
189
189
189
185
185
185
185
185
185
192
192
192
192
192
182
182
182
182
182
186
186
186
186
186
186
189
189
189
189
189
201
201
201
201
201
205
205
205
205
205
205
211
211
211
211
211
245
245
245
245
245
420
420
420
420
420
420
1246
1246
1246
1246
1246
2234
2234
2234
2234
2234
3108
3108
3108
3108
3108
3108
3757
3757
3757
3757
3757
4010
4010
4010
4010
4010
3981
3981
3981
3981
3981
3981
3556
3556
3556
3556
3556
2882
2882
2882
2882
2882
2088
2088
2088
2088
2088
2088
1443
1443
1443
1443
1443
860
860
860
860
860
455
455
455
455
455
455
308
308
308
308
308
254
254
254
254
254
234
234
234
234
234
234
217
217
217
217
217
202
202
202
202
202
196
196
196
196
196
196
187
187
187
187
187
186
186
186
186
186
186
186
186
186
186
186
186
186
186
186
186
186
186
186
186
186
187
187
187
187
187
187
202
202
202
202
202
204
204
204
204
204
239
239
239
239
239
239
290
290
290
290
290
435
435
435
435
435
706
706
706
706
706
706
759
759
759
759
759
513
513
513
513
513
298
298
298
298
298
298
236
236
236
236
236
194
194
194
194
194
189
189
189
189
189
189
181
181
181
181
181
175
175
175
175
175
177
177
177
177
177
177
178
178
178
178
178
176
176
176
176
176
182
182
182
182
182
182
180
180
180
180
180
198
198
198
198
198
237
237
237
237
237
237
421
421
421
421
421
1761
1761
1761
1761
1761
3272
3272
3272
3272
3272
3272
4095
4095
4095
4095
4095
4095
4095
4095
4095
4095
4095
4095
4095
4095
4095
4095
3662
3662
3662
3662
3662
2196
2196
2196
2196
2196
591
591
591
591
591
591
241
241
241
241
241
204
204
204
204
204
191
191
191
191
191
191
191
191
191
191
191
175
175
175
175
175
187
187
187
187
187
187
195
195
195
195
195
219
219
219
219
219
274
274
274
274
274
274
789
789
789
789
789
2094
2094
2094
2094
2094
3305
3305
3305
3305
3305
3305
4095
4095
4095
4095
4095
4095
4095
4095
4095
4095
4095
4095
4095
4095
4095
4095
4095
4095
4095
4095
4095
3612
3612
3612
3612
3612
2703
2703
2703
2703
2703
2703
1706
1706
1706
1706
1706
829
829
829
829
829
337
337
337
337
337
337
267
267
267
267
267
239
239
239
239
239
240
240
240
240
240
240
216
216
216
216
216
216
216
216
216
216
229
229
229
229
229
229
216
216
216
216
216
229
229
229
229
229
217
217
217
217
217
217
216
216
216
216
216
216
216
216
216
216
209
209
209
209
209
209
213
213
213
213
213
199
199
199
199
199
195
195
195
195
195
195
194
194
194
194
194
191
191
191
191
191
187
187
187
187
187
187
186
186
186
186
186
195
195
195
195
195
200
200
200
200
200
200
195
195
195
195
195
189
189
189
189
189
201
201
201
201
201
201
191
191
191
191
191
192
192
192
192
192
197
197
197
197
197
197
192
192
192
192
192
190
190
190
190
190
191
191
191
191
191
191
190
190
190
190
190
194
194
194
194
194
202
202
202
202
202
202
212
212
212
212
212
237
237
237
237
237
296
296
296
296
296
296
739
739
739
739
739
1592
1592
1592
1592
1592
2388
2388
2388
2388
2388
2388
2876
2876
2876
2876
2876
2921
2921
2921
2921
2921
2682
2682
2682
2682
2682
2682
2109
2109
2109
2109
2109
1602
1602
1602
1602
1602
1269
1269
1269
1269
1269
1269
1229
1229
1229
1229
1229
1468
1468
1468
1468
1468
1967
1967
1967
1967
1967
1967
2627
2627
2627
2627
2627
3237
3237
3237
3237
3237
3746
3746
3746
3746
3746
3746
3989
3989
3989
3989
3989
3927
3927
3927
3927
3927
3607
3607
3607
3607
3607
3607
2994
2994
2994
2994
2994
2106
2106
2106
2106
2106
1141
1141
1141
1141
1141
1141
409
409
409
409
409
286
286
286
286
286
221
221
221
221
221
221
217
217
217
217
217
204
204
204
204
204
209
209
209
209
209
209
197
197
197
197
197
195
195
195
195
195
188
188
188
188
188
188
179
179
179
179
179
181
181
181
181
181
182
182
182
182
182
182
187
187
187
187
187
194
194
194
194
194
189
189
189
189
189
189
198
198
198
198
198
205
205
205
205
205
217
217
217
217
217
217
218
218
218
218
218
225
225
225
225
225
243
243
243
243
243
243
238
238
238
238
238
264
264
264
264
264
254
254
254
254
254
254
258
258
258
258
258
242
242
242
242
242
238
238
238
238
238
238
230
230
230
230
230
222
222
222
222
222
215
215
215
215
215
215
218
218
218
218
218
227
227
227
227
227
234
234
234
234
234
234
233
233
233
233
233
236
236
236
236
236
239
239
239
239
239
239
245
245
245
245
245
257
257
257
257
257
270
270
270
270
270
270
311
311
311
311
311
362
362
362
362
362
469
469
469
469
469
469
751
751
751
751
751
1071
1071
1071
1071
1071
1270
1270
1270
1270
1270
1270
1383
1383
1383
1383
1383
1342
1342
1342
1342
1342
1241
1241
1241
1241
1241
1241
1006
1006
1006
1006
1006
810
810
810
810
810
595
595
595
595
595
595
507
507
507
507
507
448
448
448
448
448
454
454
454
454
454
454
441
441
441
441
441
350
350
350
350
350
276
276
276
276
276
276
260
260
260
260
260
225
225
225
225
225
209
209
209
209
209
209
196
196
196
196
196
195
195
195
195
195
196
196
196
196
196
196
198
198
198
198
198
199
199
199
199
199
206
206
206
206
206
206
223
223
223
223
223
264
264
264
264
264
326
326
326
326
326
326
561
561
561
561
561
848
848
848
848
848
935
935
935
935
935
935
700
700
700
700
700
362
362
362
362
362
273
273
273
273
273
273
225
225
225
225
225
197
197
197
197
197
193
193
193
193
193
193
195
195
195
195
195
187
187
187
187
187
187
187
187
187
187
187
188
188
188
188
188
184
184
184
184
184
207
207
207
207
207
207
216
216
216
216
216
260
260
260
260
260
300
300
300
300
300
300
455
455
455
455
455
715
715
715
715
715
953
953
953
953
953
953
898
898
898
898
898
684
684
684
684
684
448
448
448
448
448
448
308
308
308
308
308
268
268
268
268
268
250
250
250
250
250
250
233
233
233
233
233
222
222
222
222
222
212
212
212
212
212
212
216
216
216
216
216
214
214
214
214
214
222
222
222
222
222
222
212
212
212
212
212
235
235
235
235
235
238
238
238
238
238
238
235
235
235
235
235
237
237
237
237
237
245
245
245
245
245
245
258
258
258
258
258
237
237
237
237
237
238
238
238
238
238
238
234
234
234
234
234
233
233
233
233
233
226
226
226
226
226
226
230
230
230
230
230
230
230
230
230
230
222
222
222
222
222
222
219
219
219
219
219
232
232
232
232
232
228
228
228
228
228
228
241
241
241
241
241
234
234
234
234
234
250
250
250
250
250
250
263
263
263
263
263
267
267
267
267
267
285
285
285
285
285
285
303
303
303
303
303
322
322
322
322
322
316
316
316
316
316
316
289
289
289
289
289
294
294
294
294
294
263
263
263
263
263
263
246
246
246
246
246
245
245
245
245
245
238
238
238
238
238
238
242
242
242
242
242
240
240
240
240
240
232
232
232
232
232
232
238
238
238
238
238
248
248
248
248
248
277
277
277
277
277
277
272
272
272
272
272
306
306
306
306
306
322
322
322
322
322
322
338
338
338
338
338
339
339
339
339
339
318
318
318
318
318
318
313
313
313
313
313
294
294
294
294
294
278
278
278
278
278
278
276
276
276
276
276
253
253
253
253
253
237
237
237
237
237
237
228
228
228
228
228
224
224
224
224
224
222
222
222
222
222
222
227
227
227
227
227
229
229
229
229
229
240
240
240
240
240
240
236
236
236
236
236
265
265
265
265
265
278
278
278
278
278
278
287
287
287
287
287
328
328
328
328
328
359
359
359
359
359
359
344
344
344
344
344
367
367
367
367
367
312
312
312
312
312
312
283
283
283
283
283
265
265
265
265
265
227
227
227
227
227
227
216
216
216
216
216
217
217
217
217
217
210
210
210
210
210
210
200
200
200
200
200
203
203
203
203
203
200
200
200
200
200
200
207
207
207
207
207
208
208
208
208
208
226
226
226
226
226
226
235
235
235
235
235
252
252
252
252
252
281
281
281
281
281
281
302
302
302
302
302
313
313
313
313
313
317
317
317
317
317
317
287
287
287
287
287
286
286
286
286
286
251
251
251
251
251
251
237
237
237
237
237
234
234
234
234
234
237
237
237
237
237
237
234
234
234
234
234
240
240
240
240
240
237
237
237
237
237
237
232
232
232
232
232
247
247
247
247
247
247
247
247
247
247
247
234
234
234
234
234
236
236
236
236
236
223
223
223
223
223
223
229
229
229
229
229
221
221
221
221
221
238
238
238
238
238
238
235
235
235
235
235
253
253
253
253
253
272
272
272
272
272
272
290
290
290
290
290
301
301
301
301
301
337
337
337
337
337
337
352
352
352
352
352
310
310
310
310
310
296
296
296
296
296
296
266
266
266
266
266
240
240
240
240
240
242
242
242
242
242
242
226
226
226
226
226
222
222
222
222
222
215
215
215
215
215
215
226
226
226
226
226
224
224
224
224
224
241
241
241
241
241
241
256
256
256
256
256
303
303
303
303
303
330
330
330
330
330
330
353
353
353
353
353
354
354
354
354
354
342
342
342
342
342
342
316
316
316
316
316
295
295
295
295
295
265
265
265
265
265
265
258
258
258
258
258
240
240
240
240
240
227
227
227
227
227
227
236
236
236
236
236
246
246
246
246
246
232
232
232
232
232
232
239
239
239
239
239
259
259
259
259
259
264
264
264
264
264
264
273
273
273
273
273
268
268
268
268
268
271
271
271
271
271
271
265
265
265
265
265
258
258
258
258
258
247
247
247
247
247
247
264
264
264
264
264
236
236
236
236
236
240
240
240
240
240
240
231
231
231
231
231
227
227
227
227
227
231
231
231
231
231
231
235
235
235
235
235
225
225
225
225
225
228
228
228
228
228
228
231
231
231
231
231
237
237
237
237
237
232
232
232
232
232
232
237
237
237
237
237
234
234
234
234
234
239
239
239
239
239
239
236
236
236
236
236
231
231
231
231
231
248
248
248
248
248
248
240
240
240
240
240
229
229
229
229
229
240
240
240
240
240
240
237
237
237
237
237
239
239
239
239
239
230
230
230
230
230
230
242
242
242
242
242
227
227
227
227
227
241
241
241
241
241
241
236
236
236
236
236
246
246
246
246
246
246
246
246
246
246
246
252
252
252
252
252
264
264
264
264
264
229
229
229
229
229
229
241
241
241
241
241
241
241
241
241
241
244
244
244
244
244
244
248
248
248
248
248
246
246
246
246
246
253
253
253
253
253
253
246
246
246
246
246
247
247
247
247
247
244
244
244
244
244
244
242
242
242
242
242
237
237
237
237
237
256
256
256
256
256
256
242
242
242
242
242
237
237
237
237
237
245
245
245
245
245
245
246
246
246
246
246
245
245
245
245
245
249
249
249
249
249
249
239
239
239
239
239
243
243
243
243
243
238
238
238
238
238
238
246
246
246
246
246
246
246
246
246
246
240
240
240
240
240
240
246
246
246
246
246
238
238
238
238
238
236
236
236
236
236
236
243
243
243
243
243
261
261
261
261
261
265
265
265
265
265
265
252
252
252
252
252
239
239
239
239
239
246
246
246
246
246
246
254
254
254
254
254
239
239
239
239
239
239
239
239
239
239
239
241
241
241
241
241
231
231
231
231
231
218
218
218
218
218
218
241
241
241
241
241
234
234
234
234
234
251
251
251
251
251
251
249
249
249
249
249
252
252
252
252
252
256
256
256
256
256
256
246
246
246
246
246
242
242
242
242
242
244
244
244
244
244
244
227
227
227
227
227
226
226
226
226
226
228
228
228
228
228
228
223
223
223
223
223
217
217
217
217
217
226
226
226
226
226
226
231
231
231
231
231
240
240
240
240
240
245
245
245
245
245
245
251
251
251
251
251
260
260
260
260
260
246
246
246
246
246
246
258
258
258
258
258
241
241
241
241
241
223
223
223
223
223
223
223
223
223
223
223
225
225
225
225
225
212
212
212
212
212
212
216
216
216
216
216
230
230
230
230
230
224
224
224
224
224
224
224
224
224
224
224
228
228
228
228
228
235
235
235
235
235
235
245
245
245
245
245
259
259
259
259
259
255
255
255
255
255
255
250
250
250
250
250
252
252
252
252
252
246
246
246
246
246
246
250
250
250
250
250
239
239
239
239
239
228
228
228
228
228
228
236
236
236
236
236
244
244
244
244
244
248
248
248
248
248
248
244
244
244
244
244
244
244
244
244
244
252
252
252
252
252
252
249
249
249
249
249
239
239
239
239
239
243
243
243
243
243
243
246
246
246
246
246
248
248
248
248
248
246
246
246
246
246
246
248
248
248
248
248
268
268
268
268
268
270
270
270
270
270
270
280
280
280
280
280
272
272
272
272
272
299
299
299
299
299
299
297
297
297
297
297
298
298
298
298
298
320
320
320
320
320
320
313
313
313
313
313
304
304
304
304
304
318
318
318
318
318
318
306
306
306
306
306
292
292
292
292
292
282
282
282
282
282
282
277
277
277
277
277
263
263
263
263
263
247
247
247
247
247
247
243
243
243
243
243
241
241
241
241
241
246
246
246
246
246
246
242
242
242
242
242
267
267
267
267
267
279
279
279
279
279
279
273
273
273
273
273
278
278
278
278
278
277
277
277
277
277
277
275
275
275
275
275
281
281
281
281
281
247
247
247
247
247
247
239
239
239
239
239
230
230
230
230
230
214
214
214
214
214
214
226
226
226
226
226
219
219
219
219
219
214
214
214
214
214
214
216
216
216
216
216
213
213
213
213
213
214
214
214
214
214
214
207
207
207
207
207
214
214
214
214
214
220
220
220
220
220
220
224
224
224
224
224
222
222
222
222
222
221
221
221
221
221
221
224
224
224
224
224
227
227
227
227
227
214
214
214
214
214
214
224
224
224
224
224
229
229
229
229
229
225
225
225
225
225
225
226
226
226
226
226
234
234
234
234
234
229
229
229
229
229
229
239
239
239
239
239
242
242
242
242
242
244
244
244
244
244
244
242
242
242
242
242
232
232
232
232
232
239
239
239
239
239
239
238
238
238
238
238
242
242
242
242
242
233
233
233
233
233
233
230
230
230
230
230
229
229
229
229
229
248
248
248
248
248
248
266
266
266
266
266
262
262
262
262
262
271
271
271
271
271
271
292
292
292
292
292
301
301
301
301
301
307
307
307
307
307
307
314
314
314
314
314
296
296
296
296
296
285
285
285
285
285
285
281
281
281
281
281
286
286
286
286
286
292
292
292
292
292
292
263
263
263
263
263
277
277
277
277
277
259
259
259
259
259
259
254
254
254
254
254
247
247
247
247
247
259
259
259
259
259
259
238
238
238
238
238
244
244
244
244
244
235
235
235
235
235
235
224
224
224
224
224
230
230
230
230
230
220
220
220
220
220
220
213
213
213
213
213
214
214
214
214
214
213
213
213
213
213
213
208
208
208
208
208
202
202
202
202
202
209
209
209
209
209
209
210
210
210
210
210
205
205
205
205
205
203
203
203
203
203
203
209
209
209
209
209
227
227
227
227
227
209
209
209
209
209
209
210
210
210
210
210
210
210
210
210
210
207
207
207
207
207
207
212
212
212
212
212
208
208
208
208
208
223
223
223
223
223
223
204
204
204
204
204
217
217
217
217
217
200
200
200
200
200
200
221
221
221
221
221
217
217
217
217
217
226
226
226
226
226
226
236
236
236
236
236
245
245
245
245
245
251
251
251
251
251
251
266
266
266
266
266
287
287
287
287
287
286
286
286
286
286
286
283
283
283
283
283
280
280
280
280
280
271
271
271
271
271
271
268
268
268
268
268
249
249
249
249
249
248
248
248
248
248
248
243
243
243
243
243
252
252
252
252
252
258
258
258
258
258
258
271
271
271
271
271
273
273
273
273
273
301
301
301
301
301
301
320
320
320
320
320
323
323
323
323
323
319
319
319
319
319
319
304
304
304
304
304
303
303
303
303
303
286
286
286
286
286
286
278
278
278
278
278
280
280
280
280
280
266
266
266
266
266
266
259
259
259
259
259
248
248
248
248
248
244
244
244
244
244
244
243
243
243
243
243
247
247
247
247
247
246
246
246
246
246
246
238
238
238
238
238
232
232
232
232
232
222
222
222
222
222
222
211
211
211
211
211
218
218
218
218
218
220
220
220
220
220
220
207
207
207
207
207
209
209
209
209
209
213
213
213
213
213
213
220
220
220
220
220
226
226
226
226
226
227
227
227
227
227
227
228
228
228
228
228
232
232
232
232
232
224
224
224
224
224
224
222
222
222
222
222
223
223
223
223
223
226
226
226
226
226
226
224
224
224
224
224
228
228
228
228
228
208
208
208
208
208
208
218
218
218
218
218
215
215
215
215
215
218
218
218
218
218
218
220
220
220
220
220
225
225
225
225
225
226
226
226
226
226
226
234
234
234
234
234
253
253
253
253
253
275
275
275
275
275
275
292
292
292
292
292
301
301
301
301
301
330
330
330
330
330
330
340
340
340
340
340
368
368
368
368
368
346
346
346
346
346
346
354
354
354
354
354
335
335
335
335
335
319
319
319
319
319
319
293
293
293
293
293
288
288
288
288
288
277
277
277
277
277
277
271
271
271
271
271
269
269
269
269
269
251
251
251
251
251
251
250
250