209
209
209
219
219
219
219
219
212
212
212
212
212
212
219
219
219
219
219
207
207
207
207
207
224
224
224
224
224
224
207
207
207
207
207
207
207
207
207
207
211
211
211
211
211
211
211
211
211
211
211
219
219
219
219
219
205
205
205
205
205
205
207
207
207
207
207
204
204
204
204
204
219
219
219
219
219
219
215
215
215
215
215
216
216
216
216
216
202
202
202
202
202
202
216
216
216
216
216
215
215
215
215
215
212
212
212
212
212
212
210
210
210
210
210
221
221
221
221
221
226
226
226
226
226
226
219
219
219
219
219
217
217
217
217
217
209
209
209
209
209
209
217
217
217
217
217
209
209
209
209
209
217
217
217
217
217
217
212
212
212
212
212
207
207
207
207
207
226
226
226
226
226
226
220
220
220
220
220
209
209
209
209
209
215
215
215
215
215
215
206
206
206
206
206
218
218
218
218
218
217
217
217
217
217
217
216
216
216
216
216
223
223
223
223
223
210
210
210
210
210
210
222
222
222
222
222
211
211
211
211
211
210
210
210
210
210
210
219
219
219
219
219
217
217
217
217
217
218
218
218
218
218
218
208
208
208
208
208
219
219
219
219
219
208
208
208
208
208
208
218
218
218
218
218
211
211
211
211
211
210
210
210
210
210
210
213
213
213
213
213
213
213
213
213
213
213
213
213
213
213
213
215
215
215
215
215
213
213
213
213
213
219
219
219
219
219
219
215
215
215
215
215
220
220
220
220
220
213
213
213
213
213
213
216
216
216
216
216
210
210
210
210
210
230
230
230
230
230
230
206
206
206
206
206
219
219
219
219
219
216
216
216
216
216
216
211
211
211
211
211
218
218
218
218
218
212
212
212
212
212
212
216
216
216
216
216
208
208
208
208
208
214
214
214
214
214
214
211
211
211
211
211
209
209
209
209
209
214
214
214
214
214
214
214
214
214
214
214
218
218
218
218
218
208
208
208
208
208
208
211
211
211
211
211
206
206
206
206
206
226
226
226
226
226
226
206
206
206
206
206
212
212
212
212
212
216
216
216
216
216
216
210
210
210
210
210
211
211
211
211
211
208
208
208
208
208
208
209
209
209
209
209
220
220
220
220
220
216
216
216
216
216
216
216
216
216
216
216
212
212
212
212
212
205
205
205
205
205
205
221
221
221
221
221
214
214
214
214
214
220
220
220
220
220
220
212
212
212
212
212
214
214
214
214
214
209
209
209
209
209
209
208
208
208
208
208
228
228
228
228
228
214
214
214
214
214
214
223
223
223
223
223
207
207
207
207
207
215
215
215
215
215
215
216
216
216
216
216
209
209
209
209
209
219
219
219
219
219
219
212
212
212
212
212
210
210
210
210
210
213
213
213
213
213
213
202
202
202
202
202
208
208
208
208
208
208
208
208
208
208
208
203
203
203
203
203
211
211
211
211
211
222
222
222
222
222
222
207
207
207
207
207
212
212
212
212
212
214
214
214
214
214
214
212
212
212
212
212
214
214
214
214
214
208
208
208
208
208
208
216
216
216
216
216
209
209
209
209
209
202
202
202
202
202
202
212
212
212
212
212
215
215
215
215
215
226
226
226
226
226
226
215
215
215
215
215
214
214
214
214
214
205
205
205
205
205
205
205
205
205
205
205
208
208
208
208
208
209
209
209
209
209
209
211
211
211
211
211
212
212
212
212
212
207
207
207
207
207
207
214
214
214
214
214
205
205
205
205
205
210
210
210
210
210
210
212
212
212
212
212
202
202
202
202
202
219
219
219
219
219
219
206
206
206
206
206
208
208
208
208
208
214
214
214
214
214
214
209
209
209
209
209
205
205
205
205
205
200
200
200
200
200
200
201
201
201
201
201
207
207
207
207
207
205
205
205
205
205
205
204
204
204
204
204
205
205
205
205
205
206
206
206
206
206
206
198
198
198
198
198
206
206
206
206
206
200
200
200
200
200
200
199
199
199
199
199
199
199
199
199
199
201
201
201
201
201
201
194
194
194
194
194
196
196
196
196
196
195
195
195
195
195
195
201
201
201
201
201
191
191
191
191
191
191
191
191
191
191
191
188
188
188
188
188
190
190
190
190
190
198
198
198
198
198
198
196
196
196
196
196
202
202
202
202
202
203
203
203
203
203
203
214
214
214
214
214
213
213
213
213
213
212
212
212
212
212
212
220
220
220
220
220
221
221
221
221
221
210
210
210
210
210
210
207
207
207
207
207
198
198
198
198
198
196
196
196
196
196
196
185
185
185
185
185
196
196
196
196
196
195
195
195
195
195
195
196
196
196
196
196
198
198
198
198
198
204
204
204
204
204
204
194
194
194
194
194
199
199
199
199
199
203
203
203
203
203
203
204
204
204
204
204
212
212
212
212
212
219
219
219
219
219
219
234
234
234
234
234
295
295
295
295
295
689
689
689
689
689
689
1699
1699
1699
1699
1699
2804
2804
2804
2804
2804
3699
3699
3699
3699
3699
3699
4095
4095
4095
4095
4095
4095
4095
4095
4095
4095
3784
3784
3784
3784
3784
3784
2601
2601
2601
2601
2601
1045
1045
1045
1045
1045
266
266
266
266
266
266
208
208
208
208
208
186
186
186
186
186
184
184
184
184
184
184
179
179
179
179
179
175
175
175
175
175
182
182
182
182
182
182
186
186
186
186
186
184
184
184
184
184
197
197
197
197
197
197
228
228
228
228
228
269
269
269
269
269
365
365
365
365
365
365
516
516
516
516
516
529
529
529
529
529
396
396
396
396
396
396
286
286
286
286
286
247
247
247
247
247
214
214
214
214
214
214
206
206
206
206
206
193
193
193
193
193
193
193
193
193
193
193
195
195
195
195
195
199
199
199
199
199
197
197
197
197
197
197
202
202
202
202
202
220
220
220
220
220
223
223
223
223
223
223
235
235
235
235
235
243
243
243
243
243
256
256
256
256
256
256
247
247
247
247
247
250
250
250
250
250
241
241
241
241
241
241
243
243
243
243
243
232
232
232
232
232
246
246
246
246
246
246
253
253
253
253
253
255
255
255
255
255
255
255
255
255
255
255
257
257
257
257
257
246
246
246
246
246
256
256
256
256
256
256
242
242
242
242
242
250
250
250
250
250
253
253
253
253
253
253
261
261
261
261
261
271
271
271
271
271
287
287
287
287
287
287
305
305
305
305
305
291
291
291
291
291
282
282
282
282
282
282
260
260
260
260
260
233
233
233
233
233
219
219
219
219
219
219
203
203
203
203
203
196
196
196
196
196
200
200
200
200
200
200
194
194
194
194
194
192
192
192
192
192
195
195
195
195
195
195
191
191
191
191
191
197
197
197
197
197
198
198
198
198
198
198
208
208
208
208
208
209
209
209
209
209
220
220
220
220
220
220
226
226
226
226
226
244
244
244
244
244
265
265
265
265
265
265
299
299
299
299
299
344
344
344
344
344
394
394
394
394
394
394
404
404
404
404
404
391
391
391
391
391
330
330
330
330
330
330
290
290
290
290
290
254
254
254
254
254
238
238
238
238
238
238
225
225
225
225
225
212
212
212
212
212
214
214
214
214
214
214
215
215
215
215
215
215
215
215
215
215
226
226
226
226
226
226
229
229
229
229
229
245
245
245
245
245
255
255
255
255
255
255
249
249
249
249
249
240
240
240
240
240
230
230
230
230
230
230
219
219
219
219
219
207
207
207
207
207
202
202
202
202
202
202
203
203
203
203
203
203
203
203
203
203
201
201
201
201
201
201
196
196
196
196
196
198
198
198
198
198
197
197
197
197
197
197
193
193
193
193
193
189
189
189
189
189
192
192
192
192
192
192
187
187
187
187
187
188
188
188
188
188
190
190
190
190
190
190
191
191
191
191
191
196
196
196
196
196
199
199
199
199
199
199
216
216
216
216
216
236
236
236
236
236
290
290
290
290
290
290
418
418
418
418
418
676
676
676
676
676
849
849
849
849
849
849
832
832
832
832
832
596
596
596
596
596
378
378
378
378
378
378
277
277
277
277
277
245
245
245
245
245
209
209
209
209
209
209
207
207
207
207
207
204
204
204
204
204
211
211
211
211
211
211
211
211
211
211
211
238
238
238
238
238
261
261
261
261
261
261
317
317
317
317
317
463
463
463
463
463
659
659
659
659
659
659
793
793
793
793
793
762
762
762
762
762
642
642
642
642
642
642
472
472
472
472
472
380
380
380
380
380
354
354
354
354
354
354
321
321
321
321
321
288
288
288
288
288
290
290
290
290
290
290
269
269
269
269
269
267
267
267
267
267
247
247
247
247
247
247
235
235
235
235
235
230
230
230
230
230
209
209
209
209
209
209
210
210
210
210
210
204
204
204
204
204
208
208
208
208
208
208
207
207
207
207
207
211
211
211
211
211
215
215
215
215
215
215
198
198
198
198
198
216
216
216
216
216
212
212
212
212
212
212
212
212
212
212
212
209
209
209
209
209
207
207
207
207
207
207
199
199
199
199
199
194
194
194
194
194
193
193
193
193
193
193
186
186
186
186
186
191
191
191
191
191
200
200
200
200
200
200
201
201
201
201
201
216
216
216
216
216
245
245
245
245
245
245
282
282
282
282
282
313
313
313
313
313
392
392
392
392
392
392
406
406
406
406
406
422
422
422
422
422
355
355
355
355
355
355
346
346
346
346
346
349
349
349
349
349
357
357
357
357
357
357
372
372
372
372
372
409
409
409
409
409
454
454
454
454
454
454
523
523
523
523
523
609
609
609
609
609
627
627
627
627
627
627
501
501
501
501
501
436
436
436
436
436
317
317
317
317
317
317
290
290
290
290
290
268
268
268
268
268
240
240
240
240
240
240
231
231
231
231
231
222
222
222
222
222
217
217
217
217
217
217
208
208
208
208
208
208
208
208
208
208
198
198
198
198
198
198
191
191
191
191
191
194
194
194
194
194
188
188
188
188
188
188
187
187
187
187
187
187
187
187
187
187
191
191
191
191
191
191
186
186
186
186
186
186
186
186
186
186
189
189
189
189
189
189
183
183
183
183
183
191
191
191
191
191
187
187
187
187
187
187
193
193
193
193
193
194
194
194
194
194
197
197
197
197
197
197
194
194
194
194
194
195
195
195
195
195
202
202
202
202
202
202
197
197
197
197
197
199
199
199
199
199
201
201
201
201
201
201
199
199
199
199
199
205
205
205
205
205
205
205
205
205
205
205
204
204
204
204
204
202
202
202
202
202
205
205
205
205
205
205
210
210
210
210
210
200
200
200
200
200
215
215
215
215
215
215
204
204
204
204
204
208
208
208
208
208
201
201
201
201
201
201
208
208
208
208
208
206
206
206
206
206
212
212
212
212
212
212
217
217
217
217
217
239
239
239
239
239
261
261
261
261
261
261
271
271
271
271
271
328
328
328
328
328
324
324
324
324
324
324
301
301
301
301
301
250
250
250
250
250
241
241
241
241
241
241
211
211
211
211
211
199
199
199
199
199
202
202
202
202
202
202
199
199
199
199
199
188
188
188
188
188
191
191
191
191
191
191
182
182
182
182
182
187
187
187
187
187
191
191
191
191
191
191
189
189
189
189
189
193
193
193
193
193
203
203
203
203
203
203
213
213
213
213
213
203
203
203
203
203
208
208
208
208
208
208
210
210
210
210
210
216
216
216
216
216
227
227
227
227
227
227
229
229
229
229
229
236
236
236
236
236
235
235
235
235
235
235
218
218
218
218
218
211
211
211
211
211
200
200
200
200
200
200
204
204
204
204
204
195
195
195
195
195
203
203
203
203
203
203
195
195
195
195
195
198
198
198
198
198
194
194
194
194
194
194
207
207
207
207
207
199
199
199
199
199
201
201
201
201
201
201
203
203
203
203
203
213
213
213
213
213
211
211
211
211
211
211
223
223
223
223
223
223
223
223
223
223
245
245
245
245
245
245
260
260
260
260
260
254
254
254
254
254
269
269
269
269
269
269
273
273
273
273
273
273
273
273
273
273
278
278
278
278
278
278
242
242
242
242
242
258
258
258
258
258
237
237
237
237
237
237
232
232
232
232
232
220
220
220
220
220
210
210
210
210
210
210
204
204
204
204
204
199
199
199
199
199
206
206
206
206
206
206
204
204
204
204
204
199
199
199
199
199
214
214
214
214
214
214
222
222
222
222
222
231
231
231
231
231
274
274
274
274
274
274
316
316
316
316
316
361
361
361
361
361
413
413
413
413
413
413
368
368
368
368
368
313
313
313
313
313
273
273
273
273
273
273
248
248
248
248
248
224
224
224
224
224
223
223
223
223
223
223
211
211
211
211
211
195
195
195
195
195
210
210
210
210
210
210
217
217
217
217
217
217
217
217
217
217
228
228
228
228
228
228
216
216
216
216
216
242
242
242
242
242
243
243
243
243
243
243
222
222
222
222
222
219
219
219
219
219
220
220
220
220
220
220
204
204
204
204
204
204
204
204
204
204
207
207
207
207
207
207
209
209
209
209
209
208
208
208
208
208
207
207
207
207
207
207
229
229
229
229
229
234
234
234
234
234
245
245
245
245
245
245
270
270
270
270
270
283
283
283
283
283
284
284
284
284
284
284
286
286
286
286
286
298
298
298
298
298
281
281
281
281
281
281
264
264
264
264
264
259
259
259
259
259
242
242
242
242
242
242
246
246
246
246
246
245
245
245
245
245
248
248
248
248
248
248
248
248
248
248
248
240
240
240
240
240
240
240
240
240
240
240
277
277
277
277
277
256
256
256
256
256
264
264
264
264
264
264
271
271
271
271
271
283
283
283
283
283
268
268
268
268
268
268
282
282
282
282
282
275
275
275
275
275
275
275
275
275
275
275
265
265
265
265
265
255
255
255
255
255
239
239
239
239
239
239
252
252
252
252
252
240
240
240
240
240
240
240
240
240
240
240
234
234
234
234
234
229
229
229
229
229
233
233
233
233
233
233
217
217
217
217
217
218
218
218
218
218
210
210
210
210
210
210
205
205
205
205
205
222
222
222
222
222
215
215
215
215
215
215
213
213
213
213
213
215
215
215
215
215
218
218
218
218
218
218
231
231
231
231
231
239
239
239
239
239
237
237
237
237
237
237
258
258
258
258
258
245
245
245
245
245
241
241
241
241
241
241
237
237
237
237
237
225
225
225
225
225
242
242
242
242
242
242
238
238
238
238
238
234
234
234
234
234
231
231
231
231
231
231
225
225
225
225
225
226
226
226
226
226
228
228
228
228
228
228
216
216
216
216
216
209
209
209
209
209
211
211
211
211
211
211
221
221
221
221
221
218
218
218
218
218
213
213
213
213
213
213
209
209
209
209
209
219
219
219
219
219
218
218
218
218
218
218
224
224
224
224
224
217
217
217
217
217
207
207
207
207
207
207
208
208
208
208
208
204
204
204
204
204
199
199
199
199
199
199
203
203
203
203
203
201
201
201
201
201
208
208
208
208
208
208
209
209
209
209
209
211
211
211
211
211
209
209
209
209
209
209
208
208
208
208
208
206
206
206
206
206
212
212
212
212
212
212
211
211
211
211
211
206
206
206
206
206
194
194
194
194
194
194
206
206
206
206
206
206
206
206
206
206
203
203
203
203
203
203
193
193
193
193
193
201
201
201
201
201
199
199
199
199
199
199
205
205
205
205
205
204
204
204
204
204
208
208
208
208
208
208
208
208
208
208
208
210
210
210
210
210
201
201
201
201
201
201
205
205
205
205
205
199
199
199
199
199
205
205
205
205
205
205
216
216
216
216
216
202
202
202
202
202
200
200
200
200
200
200
204
204
204
204
204
199
199
199
199
199
199
199
199
199
199
199
194
194
194
194
194
196
196
196
196
196
202
202
202
202
202
202
204
204
204
204
204
200
200
200
200
200
195
195
195
195
195
195
203
203
203
203
203
205
205
205
205
205
197
197
197
197
197
197
196
196
196
196
196
200
200
200
200
200
206
206
206
206
206
206
197
197
197
197
197
199
199
199
199
199
194
194
194
194
194
194
195
195
195
195
195
199
199
199
199
199
192
192
192
192
192
192
185
185
185
185
185
198
198
198
198
198
204
204
204
204
204
204
204
204
204
204
204
205
205
205
205
205
205
205
205
205
205
205
213
213
213
213
213
215
215
215
215
215
216
216
216
216
216
216
219
219
219
219
219
205
205
205
205
205
202
202
202
202
202
202
203
203
203
203
203
205
205
205
205
205
209
209
209
209
209
209
204
204
204
204
204
214
214
214
214
214
216
216
216
216
216
216
232
232
232
232
232
247
247
247
247
247
260
260
260
260
260
260
264
264
264
264
264
271
271
271
271
271
286
286
286
286
286
286
266
266
266
266
266
241
241
241
241
241
229
229
229
229
229
229
239
239
239
239
239
217
217
217
217
217
224
224
224
224
224
224
207
207
207
207
207
222
222
222
222
222
223
223
223
223
223
223
227
227
227
227
227
237
237
237
237
237
220
220
220
220
220
220
220
220
220
220
220
227
227
227
227
227
212
212
212
212
212
212
217
217
217
217
217
212
212
212
212
212
210
210
210
210
210
210
220
220
220
220
220
229
229
229
229
229
238
238
238
238
238
238
243
243
243
243
243
257
257
257
257
257
264
264
264
264
264
264
268
268
268
268
268
271
271
271
271
271
294
294
294
294
294
294
290
290
290
290
290
300
300
300
300
300
307
307
307
307
307
307
331
331
331
331
331
382
382
382
382
382
397
397
397
397
397
397
413
413
413
413
413
382
382
382
382
382
321
321
321
321
321
321
288
288
288
288
288
264
264
264
264
264
234
234
234
234
234
234
222
222
222
222
222
219
219
219
219
219
221
221
221
221
221
221
220
220
220
220
220
223
223
223
223
223
223
223
223
223
223
223
248
248
248
248
248
245
245
245
245
245
265
265
265
265
265
265
289
289
289
289
289
275
275
275
275
275
257
257
257
257
257
257
240
240
240
240
240
224
224
224
224
224
225
225
225
225
225
225
208
208
208
208
208
212
212
212
212
212
218
218
218
218
218
218
210
210
210
210
210
226
226
226
226
226
240
240
240
240
240
240
261
261
261
261
261
267
267
267
267
267
275
275
275
275
275
275
265
265
265
265
265
253
253
253
253
253
226
226
226
226
226
226
225
225
225
225
225
221
221
221
221
221
214
214
214
214
214
214
204
204
204
204
204
208
208
208
208
208
231
231
231
231
231
231
227
227
227
227
227
242
242
242
242
242
255
255
255
255
255
255
269
269
269
269
269
269
269
269
269
269
270
270
270
270
270
270
246
246
246
246
246
229
229
229
229
229
228
228
228
228
228
228
220
220
220
220
220
211
211
211
211
211
210
210
210
210
210
210
207
207
207
207
207
202
202
202
202
202
201
201
201
201
201
201
205
205
205
205
205
213
213
213
213
213
206
206
206
206
206
206
206
206
206
206
206
223
223
223
223
223
212
212
212
212
212
212
212
212
212
212
212
203
203
203
203
203
199
199
199
199
199
199
201
201
201
201
201
202
202
202
202
202
198
198
198
198
198
198
203
203
203
203
203
210
210
210
210
210
215
215
215
215
215
215
217
217
217
217
217
217
217
217
217
217
225
225
225
225
225
225
215
215
215
215
215
219
219
219
219
219
204
204
204
204
204
204
207
207
207
207
207
201
201
201
201
201
211
211
211
211
211
211
213
213
213
213
213
207
207
207
207
207
203
203
203
203
203
203
201
201
201
201
201
199
199
199
199
199
207
207
207
207
207
207
201
201
201
201
201
206
206
206
206
206
204
204
204
204
204
204
202
202
202
202
202
201
201
201
201
201
205
205
205
205
205
205
201
201
201
201
201
202
202
202
202
202
201
201
201
201
201
201
202
202
202
202
202
197
197
197
197
197
200
200
200
200
200
200
191
191
191
191
191
201
201
201
201
201
203
203
203
203
203
203
199
199
199
199
199
197
197
197
197
197
196
196
196
196
196
196
201
201
201
201
201
201
201
201
201
201
210
210
210
210
210
210
219
219
219
219
219
217
217
217
217
217
224
224
224
224
224
224
222
222
222
222
222
218
218
218
218
218
231
231
231
231
231
231
230
230
230
230
230
222
222
222
222
222
222
222
222
222
222
222
201
201
201
201
201
205
205
205
205
205
198
198
198
198
198
198
191
191
191
191
191
193
193
193
193
193
199
199
199
199
199
199
209
209
209
209
209
218
218
218
218
218
218
218
218
218
218
218
235
235
235
235
235
241
241
241
241
241
239
239
239
239
239
239
224
224
224
224
224
231
231
231
231
231
225
225
225
225
225
225
213
213
213
213
213
208
208
208
208
208
210
210
210
210
210
210
204
204
204
204
204
194
194
194
194
194
202
202
202
202
202
202
207
207
207
207
207
213
213
213
213
213
217
217
217
217
217
217
224
224
224
224
224
227
227
227
227
227
234
234
234
234
234
234
227
227
227
227
227
226
226
226
226
226
229
229
229
229
229
229
214
214
214
214
214
210
210
210
210
210
216
216
216
216
216
216
215
215
215
215
215
208
208
208
208
208
205
205
205
205
205
205
207
207
207
207
207
216
216
216
216
216
214
214
214
214
214
214
210
210
210
210
210
218
218
218
218
218
215
215
215
215
215
215
220
220
220
220
220
215
215
215
215
215
219
219
219
219
219
219
221
221
221
221
221
223
223
223
223
223
225
225
225
225
225
225
225
225
225
225
225
229
229
229
229
229
219
219
219
219
219
219
252
252
252
252
252
230
230
230
230
230
246
246
246
246
246
246
249
249
249
249
249
243
243
243
243
243
250
250
250
250
250
250
236
236
236
236
236
237
237
237
237
237
235
235
235
235
235
235
234
234
234
234
234
223
223
223
223
223
239
239
239
239
239
239
240
240
240
240
240
251
251
251
251
251
251
251
251
251
251
251
238
238
238
238
238
270
270
270
270
270
266
266
266
266
266
266
271
271
271
271
271
278
278
278
278
278
261
261
261
261
261
261
266
266
266
266
266
270
270
270
270
270
268
268
268
268
268
268
248
248
248
248
248
253
253
253
253
253
237
237
237
237
237
237
243
243
243
243
243
230
230
230
230
230
228
228
228
228
228
228
228
228
228
228
228
214
214
214
214
214
221
221
221
221
221
221
214
214
214
214
214
214
214
214
214
214
224
224
224
224
224
224
236
236
236
236
236
233
233
233
233
233
233
233
233
233
233
233
232
232
232
232
232
239
239
239
239
239
237
237
237
237
237
237
224
224
224
224
224
217
217
217
217
217
212
212
212
212
212
212
203
203
203
203
203
210
210
210
210
210
209
209
209
209
209
209
203
203
203
203
203
211
211
211
211
211
205
205
205
205
205
205
220
220
220
220
220
218
218
218
218
218
217
217
217
217
217
217
217
217
217
217
217
213
213
213
213