1890
1890
1890
1890
1779
1779
1779
1779
1779
1779
1728
1728
1728
1728
1728
1708
1708
1708
1708
1708
1685
1685
1685
1685
1685
1685
1645
1645
1645
1645
1645
1569
1569
1569
1569
1569
1429
1429
1429
1429
1429
1429
1253
1253
1253
1253
1253
1084
1084
1084
1084
1084
920
920
920
920
920
920
798
798
798
798
798
726
726
726
726
726
708
708
708
708
708
708
712
712
712
712
712
774
774
774
774
774
823
823
823
823
823
823
916
916
916
916
916
973
973
973
973
973
1028
1028
1028
1028
1028
1028
1062
1062
1062
1062
1062
1090
1090
1090
1090
1090
1080
1080
1080
1080
1080
1080
1052
1052
1052
1052
1052
993
993
993
993
993
907
907
907
907
907
907
770
770
770
770
770
604
604
604
604
604
434
434
434
434
434
434
274
274
274
274
274
182
182
182
182
182
118
118
118
118
118
118
105
105
105
105
105
125
125
125
125
125
178
178
178
178
178
178
316
316
316
316
316
542
542
542
542
542
826
826
826
826
826
826
1056
1056
1056
1056
1056
1233
1233
1233
1233
1233
1274
1274
1274
1274
1274
1274
1210
1210
1210
1210
1210
1057
1057
1057
1057
1057
895
895
895
895
895
895
733
733
733
733
733
634
634
634
634
634
592
592
592
592
592
592
595
595
595
595
595
649
649
649
649
649
702
702
702
702
702
702
763
763
763
763
763
819
819
819
819
819
844
844
844
844
844
844
908
908
908
908
908
961
961
961
961
961
1073
1073
1073
1073
1073
1073
1198
1198
1198
1198
1198
1329
1329
1329
1329
1329
1462
1462
1462
1462
1462
1462
1596
1596
1596
1596
1596
1707
1707
1707
1707
1707
1761
1761
1761
1761
1761
1761
1754
1754
1754
1754
1754
1716
1716
1716
1716
1716
1633
1633
1633
1633
1633
1633
1553
1553
1553
1553
1553
1454
1454
1454
1454
1454
1407
1407
1407
1407
1407
1407
1340
1340
1340
1340
1340
1316
1316
1316
1316
1316
1269
1269
1269
1269
1269
1269
1207
1207
1207
1207
1207
1145
1145
1145
1145
1145
1112
1112
1112
1112
1112
1112
1092
1092
1092
1092
1092
1133
1133
1133
1133
1133
1222
1222
1222
1222
1222
1222
1353
1353
1353
1353
1353
1497
1497
1497
1497
1497
1633
1633
1633
1633
1633
1633
1717
1717
1717
1717
1717
1757
1757
1757
1757
1757
1777
1777
1777
1777
1777
1777
1751
1751
1751
1751
1751
1751
1751
1751
1751
1751
1722
1722
1722
1722
1722
1722
1656
1656
1656
1656
1656
1584
1584
1584
1584
1584
1455
1455
1455
1455
1455
1455
1312
1312
1312
1312
1312
1159
1159
1159
1159
1159
994
994
994
994
994
994
873
873
873
873
873
777
777
777
777
777
761
761
761
761
761
761
737
737
737
737
737
726
726
726
726
726
697
697
697
697
697
697
642
642
642
642
642
564
564
564
564
564
474
474
474
474
474
474
407
407
407
407
407
359
359
359
359
359
356
356
356
356
356
356
354
354
354
354
354
361
361
361
361
361
397
397
397
397
397
397
423
423
423
423
423
460
460
460
460
460
520
520
520
520
520
520
581
581
581
581
581
676
676
676
676
676
771
771
771
771
771
771
882
882
882
882
882
999
999
999
999
999
1082
1082
1082
1082
1082
1082
1143
1143
1143
1143
1143
1151
1151
1151
1151
1151
1132
1132
1132
1132
1132
1132
1108
1108
1108
1108
1108
1089
1089
1089
1089
1089
1068
1068
1068
1068
1068
1068
1100
1100
1100
1100
1100
1120
1120
1120
1120
1120
1171
1171
1171
1171
1171
1171
1219
1219
1219
1219
1219
1218
1218
1218
1218
1218
1201
1201
1201
1201
1201
1201
1127
1127
1127
1127
1127
1019
1019
1019
1019
1019
923
923
923
923
923
923
809
809
809
809
809
731
731
731
731
731
665
665
665
665
665
665
613
613
613
613
613
576
576
576
576
576
556
556
556
556
556
556
509
509
509
509
509
482
482
482
482
482
458
458
458
458
458
458
430
430
430
430
430
424
424
424
424
424
441
441
441
441
441
441
490
490
490
490
490
570
570
570
570
570
663
663
663
663
663
663
767
767
767
767
767
879
879
879
879
879
961
961
961
961
961
961
1006
1006
1006
1006
1006
1072
1072
1072
1072
1072
1097
1097
1097
1097
1097
1097
1115
1115
1115
1115
1115
1133
1133
1133
1133
1133
1156
1156
1156
1156
1156
1156
1176
1176
1176
1176
1176
1209
1209
1209
1209
1209
1209
1209
1209
1209
1209
1209
1207
1207
1207
1207
1207
1168
1168
1168
1168
1168
1143
1143
1143
1143
1143
1143
1071
1071
1071
1071
1071
1024
1024
1024
1024
1024
948
948
948
948
948
948
894
894
894
894
894
813
813
813
813
813
755
755
755
755
755
755
678
678
678
678
678
577
577
577
577
577
489
489
489
489
489
489
388
388
388
388
388
323
323
323
323
323
286
286
286
286
286
286
278
278
278
278
278
323
323
323
323
323
413
413
413
413
413
413
554
554
554
554
554
726
726
726
726
726
923
923
923
923
923
923
1056
1056
1056
1056
1056
1173
1173
1173
1173
1173
1228
1228
1228
1228
1228
1228
1260
1260
1260
1260
1260
1248
1248
1248
1248
1248
1227
1227
1227
1227
1227
1227
1218
1218
1218
1218
1218
1197
1197
1197
1197
1197
1161
1161
1161
1161
1161
1161
1138
1138
1138
1138
1138
1083
1083
1083
1083
1083
1047
1047
1047
1047
1047
1047
1020
1020
1020
1020
1020
984
984
984
984
984
983
983
983
983
983
983
970
970
970
970
970
962
962
962
962
962
970
970
970
970
970
970
987
987
987
987
987
1006
1006
1006
1006
1006
985
985
985
985
985
985
950
950
950
950
950
913
913
913
913
913
892
892
892
892
892
892
849
849
849
849
849
852
852
852
852
852
876
876
876
876
876
876
915
915
915
915
915
1006
1006
1006
1006
1006
1114
1114
1114
1114
1114
1114
1188
1188
1188
1188
1188
1250
1250
1250
1250
1250
1279
1279
1279
1279
1279
1279
1260
1260
1260
1260
1260
1226
1226
1226
1226
1226
1131
1131
1131
1131
1131
1131
1012
1012
1012
1012
1012
903
903
903
903
903
834
834
834
834
834
834
779
779
779
779
779
772
772
772
772
772
794
794
794
794
794
794
834
834
834
834
834
902
902
902
902
902
968
968
968
968
968
968
1003
1003
1003
1003
1003
1044
1044
1044
1044
1044
1069
1069
1069
1069
1069
1069
1079
1079
1079
1079
1079
1105
1105
1105
1105
1105
1102
1102
1102
1102
1102
1102
1086
1086
1086
1086
1086
1080
1080
1080
1080
1080
1037
1037
1037
1037
1037
1037
980
980
980
980
980
930
930
930
930
930
879
879
879
879
879
879
815
815
815
815
815
782
782
782
782
782
763
763
763
763
763
763
765
765
765
765
765
784
784
784
784
784
818
818
818
818
818
818
858
858
858
858
858
894
894
894
894
894
950
950
950
950
950
950
954
954
954
954
954
985
985
985
985
985
1007
1007
1007
1007
1007
1007
1002
1002
1002
1002
1002
1025
1025
1025
1025
1025
1028
1028
1028
1028
1028
1028
1040
1040
1040
1040
1040
1044
1044
1044
1044
1044
1066
1066
1066
1066
1066
1066
1079
1079
1079
1079
1079
1077
1077
1077
1077
1077
1079
1079
1079
1079
1079
1079
1046
1046
1046
1046
1046
1035
1035
1035
1035
1035
989
989
989
989
989
989
957
957
957
957
957
932
932
932
932
932
907
907
907
907
907
907
873
873
873
873
873
869
869
869
869
869
868
868
868
868
868
868
875
875
875
875
875
868
868
868
868
868
884
884
884
884
884
884
884
884
884
884
884
888
888
888
888
888
907
907
907
907
907
907
901
901
901
901
901
936
936
936
936
936
921
921
921
921
921
921
935
935
935
935
935
908
908
908
908
908
924
924
924
924
924
924
926
926
926
926
926
927
927
927
927
927
943
943
943
943
943
943
940
940
940
940
940
933
933
933
933
933
942
942
942
942
942
942
948
948
948
948
948
943
943
943
943
943
923
923
923
923
923
923
914
914
914
914
914
884
884
884
884
884
857
857
857
857
857
857
822
822
822
822
822
816
816
816
816
816
790
790
790
790
790
790
784
784
784
784
784
801
801
801
801
801
805
805
805
805
805
805
815
815
815
815
815
845
845
845
845
845
859
859
859
859
859
859
851
851
851
851
851
837
837
837
837
837
792
792
792
792
792
792
763
763
763
763
763
718
718
718
718
718
678
678
678
678
678
678
656
656
656
656
656
656
656
656
656
656
682
682
682
682
682
682
717
717
717
717
717
779
779
779
779
779
849
849
849
849
849
849
937
937
937
937
937
996
996
996
996
996
1064
1064
1064
1064
1064
1064
1126
1126
1126
1126
1126
1140
1140
1140
1140
1140
1150
1150
1150
1150
1150
1150
1135
1135
1135
1135
1135
1119
1119
1119
1119
1119
1083
1083
1083
1083
1083
1083
1043
1043
1043
1043
1043
1026
1026
1026
1026
1026
975
975
975
975
975
975
977
977
977
977
977
933
933
933
933
933
922
922
922
922
922
922
902
902
902
902
902
895
895
895
895
895
893
893
893
893
893
893
907
907
907
907
907
899
899
899
899
899
911
911
911
911
911
911
887
887
887
887
887
876
876
876
876
876
875
875
875
875
875
875
873
873
873
873
873
875
875
875
875
875
907
907
907
907
907
907
918
918
918
918
918
958
958
958
958
958
985
985
985
985
985
985
1020
1020
1020
1020
1020
1049
1049
1049
1049
1049
1079
1079
1079
1079
1079
1079
1080
1080
1080
1080
1080
1093
1093
1093
1093
1093
1087
1087
1087
1087
1087
1087
1090
1090
1090
1090
1090
1090
1090
1090
1090
1090
1105
1105
1105
1105
1105
1105
1105
1105
1105
1105
1105
1110
1110
1110
1110
1110
1122
1122
1122
1122
1122
1122
1107
1107
1107
1107
1107
1086
1086
1086
1086
1086
1044
1044
1044
1044
1044
1044
1015
1015
1015
1015
1015
966
966
966
966
966
941
941
941
941
941
941
920
920
920
920
920
926
926
926
926
926
922
922
922
922
922
922
933
933
933
933
933
962
962
962
962
962
979
979
979
979
979
979
1020
1020
1020
1020
1020
1036
1036
1036
1036
1036
1067
1067
1067
1067
1067
1067
1091
1091
1091
1091
1091
1083
1083
1083
1083
1083
1097
1097
1097
1097
1097
1097
1108
1108
1108
1108
1108
1091
1091
1091
1091
1091
1092
1092
1092
1092
1092
1092
1064
1064
1064
1064
1064
1070
1070
1070
1070
1053
1053
1053
1053
1053
1053
1050
1050
1050
1050
1050
1038
1038
1038
1038
1038
1032
1032
1032
1032
1032
1032
1024
1024
1024
1024
1024
1019
1019
1019
1019
1019
1009
1009
1009
1009
1009
1009
1000
1000
1000
1000
1000
986
986
986
986
986
949
949
949
949
949
949
918
918
918
918
918
874
874
874
874
874
825
825
825
825
825
825
788
788
788
788
788
752
752
752
752
752
725
725
725
725
725
725
716
716
716
716
716
721
721
721
721
721
729
729
729
729
729
729
761
761
761
761
761
799
799
799
799
799
834
834
834
834
834
834
852
852
852
852
852
888
888
888
888
888
878
878
878
878
878
878
896
896
896
896
896
889
889
889
889
889
922
922
922
922
922
922
947
947
947
947
947
975
975
975
975
975
1018
1018
1018
1018
1018
1018
1059
1059
1059
1059
1059
1091
1091
1091
1091
1091
1102
1102
1102
1102
1102
1102
1095
1095
1095
1095
1095
1077
1077
1077
1077
1077
1014
1014
1014
1014
1014
1014
961
961
961
961
961
925
925
925
925
925
883
883
883
883
883
883
851
851
851
851
851
822
822
822
822
822
814
814
814
814
814
814
818
818
818
818
818
815
815
815
815
815
835
835
835
835
835
835
857
857
857
857
857
867
867
867
867
867
871
871
871
871
871
871
880
880
880
880
880
879
879
879
879
879
890
890
890
890
890
890
892
892
892
892
892
886
886
886
886
886
878
878
878
878
878
878
871
871
871
871
871
856
856
856
856
856
861
861
861
861
861
861
863
863
863
863
863
881
881
881
881
881
898
898
898
898
898
898
910
910
910
910
910
939
939
939
939
939
941
941
941
941
941
941
951
951
951
951
951
956
956
956
956
956
935
935
935
935
935
935
903
903
903
903
903
882
882
882
882
882
846
846
846
846
846
846
828
828
828
828
828
817
817
817
817
817
824
824
824
824
824
824
840
840
840
840
840
868
868
868
868
868
888
888
888
888
888
888
918
918
918
918
918
937
937
937
937
937
946
946
946
946
946
946
939
939
939
939
939
930
930
930
930
930
895
895
895
895
895
895
888
888
888
888
888
868
868
868
868
868
857
857
857
857
857
857
852
852
852
852
852
863
863
863
863
863
876
876
876
876
876
876
892
892
892
892
892
914
914
914
914
914
939
939
939
939
939
939
953
953
953
953
953
979
979
979
979
979
988
988
988
988
988
988
1000
1000
1000
1000
1000
999
999
999
999
999
998
998
998
998
998
998
983
983
983
983
983
986
986
986
986
986
982
982
982
982
982
982
983
983
983
983
983
996
996
996
996
996
988
988
988
988
988
988
1010
1010
1010
1010
1010
1036
1036
1036
1036
1036
1063
1063
1063
1063
1063
1063
1080
1080
1080
1080
1080
1082
1082
1082
1082
1082
1076
1076
1076
1076
1076
1076
1064
1064
1064
1064
1064
1035
1035
1035
1035
1035
1008
1008
1008
1008
1008
1008
987
987
987
987
987
984
984
984
984
984
988
988
988
988
988
988
1007
1007
1007
1007
1007
1041
1041
1041
1041
1041
1070
1070
1070
1070
1070
1070
1107
1107
1107
1107
1107
1118
1118
1118
1118
1118
1146
1146
1146
1146
1146
1146
1138
1138
1138
1138
1138
1126
1126
1126
1126
1126
1125
1125
1125
1125
1125
1125
1085
1085
1085
1085
1085
1085
1085
1085
1085
1085
1050
1050
1050
1050
1050
1050
1049
1049
1049
1049
1049
1039
1039
1039
1039
1039
1043
1043
1043
1043
1043
1043
1024
1024
1024
1024
1024
1020
1020
1020
1020
1020
1002
1002
1002
1002
1002
1002
988
988
988
988
988
982
982
982
982
982
985
985
985
985
985
985
982
982
982
982
982
976
976
976
976
976
964
964
964
964
964
964
967
967
967
967
967
945
945
945
945
945
931
931
931
931
931
931
916
916
916
916
916
903
903
903
903
903
890
890
890
890
890
890
893
893
893
893
893
902
902
902
902
902
922
922
922
922
922
922
932
932
932
932
932
947
947
947
947
947
957
957
957
957
957
957
951
951
951
951
951
940
940
940
940
940
929
929
929
929
929
929
929
929
929
929
929
918
918
918
918
918
907
907
907
907
907
907
912
912
912
912
912
925
925
925
925
925
941
941
941
941
941
941
965
965
965
965
965
983
983
983
983
983
1002
1002
1002
1002
1002
1002
1015
1015
1015
1015
1015
1016
1016
1016
1016
1016
1017
1017
1017
1017
1017
1017
1014
1014
1014
1014
1014
995
995
995
995
995
989
989
989
989
989
989
979
979
979
979
979
979
979
979
979
979
976
976
976
976
976
976
978
978
978
978
978
985
985
985
985
985
980
980
980
980
980
980
978
978
978
978
978
976
976
976
976
976
965
965
965
965
965
965
958
958
958
958
958
948
948
948
948
948
927
927
927
927
927
927
928
928
928
928
928
925
925
925
925
925
918
918
918
918
918
918
911
911
911
911
911
926
926
926
926
926
926
926
926
926
926
926
932
932
932
932
932
932
932
932
932
932
954
954
954
954
954
954
932
932
932
932
932
951
951
951
951
951
952
952
952
952
952
952
951
951
951
951
951
972
972
972
972
972
958
958
958
958
958
958
953
953
953
953
953
942
942
942
942
942
939
939
939
939
939
939
901
901
901
901
901
908
908
908
908
908
908
908
908
908
908
908
896
896
896
896
896
886
886
886
886
886
865
865
865
865
865
865
861
861
861
861
861
861
861
861
861
861
845
845
845
845
845
845
859
859
859
859
859
851
851
851
851
851
855
855
855
855
855
855
849
849
849
849
849
841
841
841
841
841
852
852
852
852
852
852
852
852
852
852
852
850
850
850
850
850
853
853
853
853
853
853
863
863
863
863
863
852
852
852
852
852
865
865
865
865
865
865
874
874
874
874
874
902
902
902
902
902
899
899
899
899
899
899
911
911
911
911
911
928
928
928
928
928
978
978
978
978
978
978
997
997
997
997
997
1032
1032
1032
1032
1032
1058
1058
1058
1058
1058
1058
1110
1110
1110
1110
1110
1112
1112
1112
1112
1112
1150
1150
1150
1150
1150
1150
1147
1147
1147
1147
1147
1149
1149
1149
1149
1149
1120
1120
1120
1120
1120
1120
1102
1102
1102
1102
1102
1075
1075
1075
1075
1075
1055
1055
1055
1055
1055
1055
1044
1044
1044
1044
1044
1047
1047
1047
1047
1047
1034
1034
1034
1034
1034
1034
1015
1015
1015
1015
1015
1016
1016
1016
1016
1016
1028
1028
1028
1028
1028
1028
1015
1015
1015
1015
1015
1005
1005
1005
1005
1005
1024
1024
1024
1024
1024
1024
1011
1011
1011
1011
1011
1024
1024
1024
1024
1024
1016
1016
1016
1016
1016
1016
1020
1020
1020
1020
1020
998
998
998
998
998
979
979
979
979
979
979
969
969
969
969
969
956
956
956
956
956
939
939
939
939
939
939
948
948
948
948
948
940
940
940
940
940
937
937
937
937
937
937
968
968
968
968
968
977
977
977
977
998
998
998
998
998
998
1009
1009
1009
1009
1009
1021
1021
1021
1021
1021
1013
1013
1013
1013
1013
1013
1032
1032
1032
1032
1032
1007
1007
1007
1007
1007
1000
1000
1000
1000
1000
1000
975
975
975
975
975
979
979
979
979
979
976
976
976
976
976
976
975
975
975
975
975
973
973
973
973
973
982
982
982
982
982
982
987
987
987
987
987
994
994
994
994
994
1009
1009
1009
1009
1009
1009
986
986
986
986
986
975
975
975
975
975
985
985
985
985
985
985
969
969
969
969
969
956
956
956
956
956
959
959
959
959
959
959
948
948
948
948
948
948
948
948
948
948
935
935
935
935
935
935
946
946
946
946
946
939
939
939
939
939
934
934
934
934
934
934
934
934
934
934
934
928
928
928
928
928
923
923
923
923
923
923
940
940
940
940
940
955
955
955
955
955
998
998
998
998
998
998
1005
1005
1005
1005
1005
1029
1029
1029
1029
1029
1035
1035
1035
1035
1035
1035
1036
1036
1036
1036
1036
1037
1037
1037
1037
1037
1030
1030
1030
1030
1030
1030
988
988
988
988
988
995
995
995
995
995
962
962
962
962
962
962
964
964
964
964
964
971
971
971
971
971
981
981
981
981
981
981
993
993
993
993
993
979
979
979
979
979
983
983
983
983
983
983
960
960
960
960
960
944
944
944
944
944
936
936
936
936
936
936
923
923
923
923
923
925
925
925
925
925
915
915
915
915
915
915
922
922
922
922
922
905
905
905
905
905
926
926
926
926
926
926
924
924
924
924
924
911
911
911
911
911
904
904
904
904
904
904
899
899
899
899
899
879
879
879
879
879
864
864
864
864
864
864
851
851
851
851
851
869
869
869
869
869
839
839
839
839
839
839
838
838
838
838
838
849
849
849
849
849
849
849
849
849
849
849
887
887
887
887
887
876
876
876
876
876
883
883
883
883
883
883
882
882
882
882
882
874
874
874
874
874
871
871
871
871
871
871
855
855
855
855
855
859
859
859
859
859
846
846
846
846
846
846
820
820
820
820
820
791
791
791
791
791
783
783
783
783
783
783
777
777
777
777
777
771
771
771
771
771
775
775
775
775
775
775
798
798
798
798
798
787
787
787
787
787
816
816
816
816
816
816
842
842
842
842
842
861
861
861
861
861
871
871
871
871
871
871
927
927
927
927
927
943
943
943
943
943
990
990
990
990
990
990
1043
1043
1043
1043
1043
1095
1095
1095
1095
1095
1157
1157
1157
1157
1157
1157
1199
1199
1199
1199
1199
1232
1232
1232
1232
1232
1263
1263
1263
1263
1263
1263
1285
1285
1285
1285
1285
1318
1318
1318
1318
1318
1335
1335
1335
1335
1335
1335
1348
1348
1348
1348
1348
1370
1370
1370
1370
1370
1384
1384
1384
1384
1384
1384
1380
1380
1380
1380
1380
1357
1357
1357
1357
1357
1339
1339
1339
1339
1339
1339
1311
1311
1311
1311
1311
1279
1279
1279
1279
1279
1204
1204
1204
1204
1204
1204
1148
1148
1148
1148
1148
1077
1077
1077
1077
1077
1020
1020
1020
1020
1020
1020
934
934
934
934
934
858
858
858
858
858
804
804
804
804
804
804
760
760
760
760
760
724
724
724
724
724
681
681
681
681
681
681
650
650
650
650
650
625
625
625
625
625
620
620
620
620
620
620
627
627
627
627
627
628
628
628
628
628
625
625
625
625
625
625
636
636
636
636
636
639
639
639
639
639
650
650
650
650
650
650
691
691
691
691
691
703
703
703
703
703
716
716
716
716
716
716
737
737
737
737
737
747
747
747
747
747
772
772
772
772
772
772
776
776
776
776
776
767
767
767
767
767
748
748
748
748
748
748
715
715
715
715
715
680
680
680
680
680
635
635
635
635
635
635
585
585
585
585
585
537
537
537
537
537
481
481
481
481
481
481
405
405
405
405
405
368
368
368
368
368
327
327
327
327
327
327
300
300
300
300
300
282
282
282
282
282
285
285
285
285
285
285
304
304
304
304
304
333
333
333
333
333
399
399
399
399
399
399
488
488
488
488
488
584
584
584
584
584
695
695
695
695
695
695
801
801
801
801
801
921
921
921
921
921
1039
1039
1039
1039
1039
1039
1145
1145
1145
1145
1145
1247
1247
1247
1247
1247
1344
1344
1344
1344
1344
1344
1433
1433
1433
1433
1433
1500
1500
1500
1500
1500
1568
1568
1568
1568
1568
1568
1615
1615
1615
1615
1615
1659
1659
1659
1659
1659
1694
1694
1694
1694
1694
1694
1717
1717
1717
1717
1717
1731
1731
1731
1731
1731
1740
1740
1740
1740
1740
1740
1729
1729
1729
1729
1729
1720
1720
1720
1720
1720
1674
1674
1674
1674
1674
1674
1635
1635
1635
1635
1635
1558
1558
1558
1558
1558
1476
1476
1476
1476
1476
1476
1381
1381
1381
1381
1381
1264
1264
1264
1264
1264
1170
1170
1170
1170
1170
1170
1075
1075
1075
1075
1075
1006
1006
1006
1006
1006
936
936
936
936
936
936
906
906
906
906
906
884
884
884
884
884
865
865
865
865
865
865
858
858
858
858
858
871
871
871
871
871
886
886
886
886
886
886
880
880
880
880
880
869
869
869
869
869
826
826
826
826
826
826
798
798
798
798
798
749
749
749
749
749
701
701
701
701
701
701
643
643
643
643
643
600
600
600
600
600
571
571
571
571
571
571
533
533
533
533
533
527
527
527
527
527
509
509
509
509
509
509
513
513
513
513
513
539
539
539
539
539
546
546
546
546
546
546
574
574
574
574
574
612
612
612
612
612
652
652
652
652
652
652
690
690
690
690
690
731
731
731
731
731
742
742
742
742
742
742
748
748
748
748
748
758
758
758
758
758
751
751
751
751
751
751
743
743
743
743
743
751
751
751
751
751
744
744
744
744
744
744
766
766
766
766
766
791
791
791
791
791
810
810
810
810
810
810
833
833
833
833
833
853
853
853
853
853
880
880
880
880
880
880
884
884
884
884
884
917
917
917
917
917
948
948
948
948
948
948
994
994
994
994
994
1013
1013
1013
1013
1013
1055
1055
1055
1055
1055
1055
1100
1100
1100
1100
1100
1154
1154
1154
1154
1154
1182
1182
1182
1182
1182
1182
1207
1207
1207
1207
1207
1232
1232
1232
1232
1232
1243
1243
1243
1243
1243
1243
1241
1241
1241
1241
1241
1240
1240
1240
1240
1240
1235
1235
1235
1235
1235
1235
1238
1238
1238
1238
1238
1239
1239
1239
1239
1239
1232
1232
1232
1232
1232
1232
1198
1198
1198
1198
1198
1185
1185
1185
1185
1185
1178
1178
1178
1178
1178
1178
1169
1169
1169
1169
1169
1164
1164
1164
1164
1164
1173
1173
1173
1173
1173
1173
1186
1186
1186
1186
1186
1211
1211
1211
1211
1211
1223
1223
1223
1223
1223
1223
1248
1248
1248
1248
1248
1277
1277
1277
1277
1277
1282
1282
1282
1282
1282
1282
1297
1297
1297
1297
1297
1302
1302
1302
1302
1302
1329
1329
1329
1329
1329
1329
1337
1337
1337
1337
1337
1352
1352
1352
1352
1352
1366
1366
1366
1366
1366
1366
1384
1384
1384
1384
1384
1366
1366
1366
1366
1366
1355
1355
1355
1355
1355
1355
1350
1350
1350
1350
1350
1332
1332
1332
1332
1332
1308
1308
1308
1308
1308
1308
1256
1256
1256
1256
1256
1219
1219
1219
1219
1219
1174
1174
1174
1174
1174
1174
1092
1092
1092
1092
1092
1042
1042
1042
1042
1042
975
975
975
975
975
975
908
908
908
908
908
865
865
865
865
865
812
812
812
812
812
812
794
794
794
794
794
768
768
768
768
768
750
750
750
750
750
750
732
732
732
732
732
728
728
728
728
728
723
723
723
723
723
723
713
713
713
713
713
709
709
709
709
709
700
700
700
700
700
700
709
709
709
709
709
721
721
721
721
721
749
749
749
749
749
749
785
785
785
785
785
815
815
815
815
815
881
881
881
881
881
881
913
913
913
913
913
975
975
975
975
975
1043
1043
1043
1043
1043
1043
1104
1104
1104
1104
1104
1127
1127
1127
1127
1127
1179
1179
1179
1179
1179
1179
1218
1218
1218
1218
1218
1232
1232
1232
1232
1232
1238
1238
1238
1238
1238
1238
1245
1245
1245
1245
1245
1219
1219
1219
1219
1219
1202
1202