401
401
431
431
431
431
431
422
422
422
422
422
422
409
409
409
409
409
399
399
399
399
399
413
413
413
413
413
413
408
408
408
408
408
420
420
420
420
420
426
426
426
426
426
426
402
402
402
402
402
417
417
417
417
417
414
414
414
414
414
414
419
419
419
419
419
416
416
416
416
416
417
417
417
417
417
417
421
421
421
421
421
408
408
408
408
408
393
393
393
393
393
393
403
403
403
403
403
415
415
415
415
415
411
411
411
411
411
411
417
417
417
417
417
433
433
433
433
433
406
406
406
406
406
406
412
412
412
412
412
404
404
404
404
404
409
409
409
409
409
409
405
405
405
405
405
410
410
410
410
410
423
423
423
423
423
423
400
400
400
400
400
419
419
419
419
419
419
419
419
419
419
419
414
414
414
414
414
422
422
422
422
422
425
425
425
425
425
425
417
417
417
417
417
415
415
415
415
415
421
421
421
421
421
421
415
415
415
415
415
419
419
419
419
419
402
402
402
402
402
402
409
409
409
409
409
411
411
411
411
411
424
424
424
424
424
424
403
403
403
403
403
408
408
408
408
408
396
396
396
396
396
396
405
405
405
405
405
420
420
420
420
420
436
436
436
436
436
436
424
424
424
424
424
420
420
420
420
420
412
412
412
412
412
412
418
418
418
418
418
416
416
416
416
416
415
415
415
415
415
415
410
410
410
410
410
415
415
415
415
415
420
420
420
420
420
420
408
408
408
408
408
411
411
411
411
411
417
417
417
417
417
417
406
406
406
406
406
417
417
417
417
417
422
422
422
422
422
422
418
418
418
418
418
414
414
414
414
414
426
426
426
426
426
426
417
417
417
417
417
401
401
401
401
401
398
398
398
398
398
398
405
405
405
405
405
411
411
411
411
411
413
413
413
413
413
413
406
406
406
406
406
417
417
417
417
417
419
419
419
419
419
419
412
412
412
412
412
437
437
437
437
437
414
414
414
414
414
414
413
413
413
413
413
427
427
427
427
427
420
420
420
420
420
420
418
418
418
418
418
411
411
411
411
411
409
409
409
409
409
409
428
428
428
428
428
426
426
426
426
426
407
407
407
407
407
407
410
410
410
410
410
414
414
414
414
414
404
404
404
404
404
404
417
417
417
417
417
401
401
401
401
401
405
405
405
405
405
405
409
409
409
409
409
422
422
422
422
422
420
420
420
420
420
420
409
409
409
409
409
425
425
425
425
425
418
418
418
418
418
418
404
404
404
404
404
408
408
408
408
408
425
425
425
425
425
425
414
414
414
414
414
420
420
420
420
420
408
408
408
408
408
408
414
414
414
414
414
427
427
427
427
427
418
418
418
418
418
418
403
403
403
403
403
422
422
422
422
422
417
417
417
417
417
417
411
411
411
411
411
414
414
414
414
414
409
409
409
409
409
409
409
409
409
409
409
430
430
430
430
430
418
418
418
418
418
418
416
416
416
416
416
426
426
426
426
426
413
413
413
413
413
413
423
423
423
423
423
414
414
414
414
414
410
410
410
410
410
416
416
416
416
416
409
409
409
409
409
419
419
419
419
419
419
423
423
423
423
423
407
407
407
407
407
414
414
414
414
414
414
392
392
392
392
392
412
412
412
412
412
420
420
420
420
420
420
394
394
394
394
394
410
410
410
410
410
408
408
408
408
408
408
420
420
420
420
420
402
402
402
402
402
404
404
404
404
404
404
417
417
417
417
417
416
416
416
416
416
420
420
420
420
420
420
411
411
411
411
411
428
428
428
428
428
408
408
408
408
408
408
411
411
411
411
411
427
427
427
427
427
417
417
417
417
417
417
396
396
396
396
396
416
416
416
416
416
412
412
412
412
412
412
424
424
424
424
424
411
411
411
411
411
411
411
411
411
411
411
413
413
413
413
413
419
419
419
419
419
419
419
419
419
419
419
410
410
410
410
410
427
427
427
427
427
399
399
399
399
399
399
409
409
409
409
409
421
421
421
421
421
423
423
423
423
423
423
426
426
426
426
426
412
412
412
412
412
408
408
408
408
408
408
418
418
418
418
418
412
412
412
412
412
423
423
423
423
423
423
415
415
415
415
415
417
417
417
417
417
402
402
402
402
402
402
397
397
397
397
397
409
409
409
409
409
420
420
420
420
420
420
398
398
398
398
398
414
414
414
414
414
399
399
399
399
399
399
409
409
409
409
409
415
415
415
415
415
399
399
399
399
399
399
412
412
412
412
412
413
413
413
413
413
406
406
406
406
406
406
395
395
395
395
395
392
392
392
392
392
400
400
400
400
400
400
408
408
408
408
408
401
401
401
401
401
406
406
406
406
406
406
400
400
400
400
400
400
400
400
400
400
394
394
394
394
394
394
400
400
400
400
400
405
405
405
405
405
406
406
406
406
406
406
390
390
390
390
390
383
383
383
383
383
402
402
402
402
402
402
392
392
392
392
392
400
400
400
400
400
403
403
403
403
403
403
406
406
406
406
406
402
402
402
402
402
431
431
431
431
431
431
421
421
421
421
421
422
422
422
422
422
429
429
429
429
429
429
430
430
430
430
430
453
453
453
453
453
423
423
423
423
423
423
431
431
431
431
431
425
425
425
425
425
404
404
404
404
404
404
411
411
411
411
411
402
402
402
402
402
406
406
406
406
406
406
411
411
411
411
411
412
412
412
412
412
419
419
419
419
419
419
412
412
412
412
412
414
414
414
414
414
402
402
402
402
402
402
404
404
404
404
404
397
397
397
397
397
392
392
392
392
392
392
379
379
379
379
379
397
397
397
397
397
390
390
390
390
390
390
382
382
382
382
382
391
391
391
391
391
387
387
387
387
387
387
402
402
402
402
402
416
416
416
416
416
430
430
430
430
430
430
453
453
453
453
453
456
456
456
456
456
454
454
454
454
454
454
461
461
461
461
461
464
464
464
464
464
439
439
439
439
439
439
441
441
441
441
441
434
434
434
434
434
399
399
399
399
399
399
408
408
408
408
408
414
414
414
414
414
408
408
408
408
408
408
402
402
402
402
402
415
415
415
415
415
420
420
420
420
420
420
429
429
429
429
429
491
491
491
491
491
509
509
509
509
509
509
553
553
553
553
553
610
610
610
610
610
663
663
663
663
663
663
697
697
697
697
697
682
682
682
682
682
628
628
628
628
628
628
577
577
577
577
577
488
488
488
488
488
460
460
460
460
460
460
416
416
416
416
416
406
406
406
406
406
406
406
406
406
406
406
393
393
393
393
393
392
392
392
392
392
402
402
402
402
402
402
409
409
409
409
409
436
436
436
436
436
435
435
435
435
435
435
461
461
461
461
461
441
441
441
441
441
417
417
417
417
417
417
421
421
421
421
421
390
390
390
390
390
366
366
366
366
366
366
374
374
374
374
374
352
352
352
352
352
352
352
352
352
352
352
342
342
342
342
342
343
343
343
343
343
330
330
330
330
330
330
322
322
322
322
322
324
324
324
324
324
306
306
306
306
306
306
313
313
313
313
313
302
302
302
302
302
291
291
291
291
291
291
296
296
296
296
296
294
294
294
294
294
299
299
299
299
299
299
309
309
309
309
309
307
307
307
307
307
328
328
328
328
328
328
347
347
347
347
347
382
382
382
382
382
500
500
500
500
500
500
860
860
860
860
860
1317
1317
1317
1317
1317
1797
1797
1797
1797
1797
1797
2125
2125
2125
2125
2125
2406
2406
2406
2406
2406
2538
2538
2538
2538
2538
2538
2582
2582
2582
2582
2582
2606
2606
2606
2606
2606
2578
2578
2578
2578
2578
2578
2514
2514
2514
2514
2514
2367
2367
2367
2367
2367
2068
2068
2068
2068
2068
2068
1661
1661
1661
1661
1661
1291
1291
1291
1291
1291
957
957
957
957
957
957
780
780
780
780
780
671
671
671
671
671
679
679
679
679
679
679
722
722
722
722
722
833
833
833
833
833
906
906
906
906
906
906
953
953
953
953
953
967
967
967
967
967
831
831
831
831
831
831
741
741
741
741
741
609
609
609
609
609
507
507
507
507
507
507
478
478
478
478
478
440
440
440
440
440
452
452
452
452
452
452
481
481
481
481
481
498
498
498
498
498
538
538
538
538
538
538
572
572
572
572
572
574
574
574
574
574
602
602
602
602
602
602
606
606
606
606
606
545
545
545
545
545
516
516
516
516
516
516
434
434
434
434
434
420
420
420
420
420
378
378
378
378
378
378
361
361
361
361
361
344
344
344
344
344
327
327
327
327
327
327
315
315
315
315
315
319
319
319
319
319
321
321
321
321
321
321
321
321
321
321
321
342
342
342
342
342
362
362
362
362
362
362
384
384
384
384
384
453
453
453
453
453
532
532
532
532
532
532
610
610
610
610
610
630
630
630
630
630
562
562
562
562
562
562
482
482
482
482
482
427
427
427
427
427
404
404
404
404
404
404
374
374
374
374
374
362
362
362
362
362
356
356
356
356
356
356
361
361
361
361
361
367
367
367
367
367
377
377
377
377
377
377
394
394
394
394
394
410
410
410
410
410
427
427
427
427
427
427
464
464
464
464
464
508
508
508
508
508
597
597
597
597
597
597
751
751
751
751
751
911
911
911
911
911
1009
1009
1009
1009
1009
1009
1060
1060
1060
1060
1060
1098
1098
1098
1098
1098
1052
1052
1052
1052
1052
1052
1011
1011
1011
1011
1011
911
911
911
911
911
785
785
785
785
785
785
632
632
632
632
632
562
562
562
562
562
495
495
495
495
495
495
450
450
450
450
450
464
464
464
464
464
441
441
441
441
441
441
455
455
455
455
455
467
467
467
467
467
483
483
483
483
483
483
544
544
544
544
544
614
614
614
614
614
701
701
701
701
701
701
795
795
795
795
795
902
902
902
902
902
975
975
975
975
975
975
1053
1053
1053
1053
1053
1050
1050
1050
1050
1050
1064
1064
1064
1064
1064
1064
1036
1036
1036
1036
1036
972
972
972
972
972
888
888
888
888
888
888
760
760
760
760
760
600
600
600
600
600
491
491
491
491
491
491
435
435
435
435
435
407
407
407
407
407
392
392
392
392
392
392
380
380
380
380
380
374
374
374
374
374
362
362
362
362
362
362
360
360
360
360
360
356
356
356
356
356
365
365
365
365
365
365
370
370
370
370
370
369
369
369
369
369
384
384
384
384
384
384
377
377
377
377
377
384
384
384
384
384
400
400
400
400
400
400
398
398
398
398
398
401
401
401
401
401
412
412
412
412
412
412
438
438
438
438
438
447
447
447
447
447
484
484
484
484
484
484
539
539
539
539
539
632
632
632
632
632
740
740
740
740
740
740
894
894
894
894
894
974
974
974
974
974
1029
1029
1029
1029
1029
1029
1017
1017
1017
1017
1017
965
965
965
965
965
857
857
857
857
857
857
739
739
739
739
739
645
645
645
645
645
554
554
554
554
554
554
480
480
480
480
480
443
443
443
443
443
432
432
432
432
432
432
417
417
417
417
417
420
420
420
420
420
415
415
415
415
415
415
399
399
399
399
399
390
390
390
390
390
388
388
388
388
388
388
368
368
368
368
368
362
362
362
362
362
356
356
356
356
356
356
351
351
351
351
351
348
348
348
348
348
349
349
349
349
349
349
338
338
338
338
338
334
334
334
334
334
338
338
338
338
338
338
344
344
344
344
344
351
351
351
351
351
359
359
359
359
359
359
376
376
376
376
376
386
386
386
386
386
401
401
401
401
401
401
400
400
400
400
400
417
417
417
417
417
417
417
417
417
417
417
396
396
396
396
396
386
386
386
386
386
365
365
365
365
365
365
355
355
355
355
355
349
349
349
349
349
338
338
338
338
338
338
341
341
341
341
341
329
329
329
329
329
331
331
331
331
331
331
324
324
324
324
324
328
328
328
328
328
335
335
335
335
335
335
336
336
336
336
336
339
339
339
339
339
346
346
346
346
346
346
358
358
358
358
358
373
373
373
373
373
389
389
389
389
389
389
392
392
392
392
392
389
389
389
389
389
401
401
401
401
401
401
416
416
416
416
416
418
418
418
418
418
463
463
463
463
463
463
537
537
537
537
537
642
642
642
642
642
821
821
821
821
821
821
1058
1058
1058
1058
1058
1202
1202
1202
1202
1202
1399
1399
1399
1399
1399
1399
1533
1533
1533
1533
1533
1603
1603
1603
1603
1603
1645
1645
1645
1645
1645
1645
1617
1617
1617
1617
1617
1550
1550
1550
1550
1550
1417
1417
1417
1417
1417
1417
1227
1227
1227
1227
1227
1005
1005
1005
1005
1005
814
814
814
814
814
814
629
629
629
629
629
503
503
503
503
503
450
450
450
450
450
450
429
429
429
429
429
422
422
422
422
422
414
414
414
414
414
414
421
421
421
421
421
432
432
432
432
432
454
454
454
454
454
454
476
476
476
476
476
468
468
468
468
468
465
465
465
465
465
465
447
447
447
447
447
446
446
446
446
446
412
412
412
412
412
412
411
411
411
411
411
382
382
382
382
382
382
382
382
382
382
382
391
391
391
391
391
382
382
382
382
382
387
387
387
387
387
387
387
387
387
387
387
388
388
388
388
388
386
386
386
386
386
386
372
372
372
372
372
383
383
383
383
383
366
366
366
366
366
366
371
371
371
371
371
374
374
374
374
374
366
366
366
366
366
366
379
379
379
379
379
373
373
373
373
373
379
379
379
379
379
379
395
395
395
395
395
401
401
401
401
401
416
416
416
416
416
416
428
428
428
428
428
424
424
424
424
424
436
436
436
436
436
436
447
447
447
447
447
432
432
432
432
432
441
441
441
441
441
441
434
434
434
434
434
428
428
428
428
428
418
418
418
418
418
418
419
419
419
419
419
425
425
425
425
425
404
404
404
404
404
404
419
419
419
419
419
428
428
428
428
428
434
434
434
434
434
434
476
476
476
476
476
511
511
511
511
511
558
558
558
558
558
558
598
598
598
598
598
670
670
670
670
670
687
687
687
687
687
687
692
692
692
692
692
674
674
674
674
674
679
679
679
679
679
679
675
675
675
675
675
673
673
673
673
673
710
710
710
710
710
710
664
664
664
664
664
692
692
692
692
692
629
629
629
629
629
629
614
614
614
614
614
633
633
633
633
633
622
622
622
622
622
622
629
629
629
629
629
614
614
614
614
614
674
674
674
674
674
674
700
700
700
700
700
752
752
752
752
752
813
813
813
813
813
813
844
844
844
844
844
835
835
835
835
835
767
767
767
767
767
767
801
801
801
801
801
777
777
777
777
777
773
773
773
773
773
773
741
741
741
741
741
740
740
740
740
740
711
711
711
711
711
711
680
680
680
680
680
624
624
624
624
624
595
595
595
595
595
595
558
558
558
558
558
522
522
522
522
522
484
484
484
484
484
484
438
438
438
438
438
423
423
423
423
423
433
433
433
433
433
433
403
403
403
403
403
402
402
402
402
402
395
395
395
395
395
395
389
389
389
389
389
373
373
373
373
373
373
373
373
373
373
373
349
349
349
349
349
366
366
366
366
366
377
377
377
377
377
377
368
368
368
368
368
372
372
372
372
372
379
379
379
379
379
379
388
388
388
388
388
406
406
406
406
406
418
418
418
418
418
418
414
414
414
414
414
429
429
429
429
429
431
431
431
431
431
431
426
426
426
426
426
425
425
425
425
425
436
436
436
436
436
436
422
422
422
422
422
438
438
438
438
438
445
445
445
445
445
445
443
443
443
443
443
458
458
458
458
458
474
474
474
474
474
474
492
492
492
492
492
471
471
471
471
471
505
505
505
505
505
505
490
490
490
490
490
509
509
509
509
509
481
481
481
481
481
481
467
467
467
467
467
466
466
466
466
466
459
459
459
459
459
459
441
441
441
441
441
430
430
430
430
430
422
422
422
422
422
422
406
406
406
406
406
393
393
393
393
393
394
394
394
394
394
394
392
392
392
392
392
398
398
398
398
398
394
394
394
394
394
394
385
385
385
385
385
398
398
398
398
398
393
393
393
393
393
393
418
418
418
418
418
442
442
442
442
442
448
448
448
448
448
448
481
481
481
481
481
509
509
509
509
509
536
536
536
536
536
536
532
532
532
532
532
520
520
520
520
520
537
537
537
537
537
537
534
534
534
534
534
540
540
540
540
540
546
546
546
546
546
546
541
541
541
541
541
555
555
555
555
555
554
554
554
554
554
554
525
525
525
525
525
509
509
509
509
509
465
465
465
465
465
465
457
457
457
457
457
442
442
442
442
442
417
417
417
417
417
417
407
407
407
407
407
388
388
388
388
388
399
399
399
399
399
399
386
386
386
386
386
397
397
397
397
397
393
393
393
393
393
393
401
401
401
401
401
413
413
413
413
413
409
409
409
409
409
409
431
431
431
431
431
409
409
409
409
409
439
439
439
439
439
439
439
439
439
439
439
429
429
429
429
429
465
465
465
465
465
465
457
457
457
457
457
460
460
460
460
460
480
480
480
480
480
480
490
490
490
490
490
485
485
485
485
485
487
487
487
487
487
487
473
473
473
473
473
462
462
462
462
462
469
469
469
469
469
469
454
454
454
454
454
442
442
442
442
442
422
422
422
422
422
422
448
448
448
448
448
419
419
419
419
419
430
430
430
430
430
430
406
406
406
406
406
401
401
401
401
401
395
395
395
395
395
395
415
415
415
415
415
381
381
381
381
381
418
418
418
418
418
418
382
382
382
382
382
399
399
399
399
399
394
394
394
394
394
394
380
380
380
380
380
389
389
389
389
389
390
390
390
390
390
390
388
388
388
388
388
383
383
383
383
383
376
376
376
376
376
376
372
372
372
372
372
384
384
384
384
384
400
400
400
400
400
400
404
404
404
404
404
405
405
405
405
405
433
433
433
433
433
433
446
446
446
446
446
457
457
457
457
457
508
508
508
508
508
508
527
527
527
527
527
510
510
510
510
510
498
498
498
498
498
498
499
499
499
499
499
486
486
486
486
486
474
474
474
474
474
474
456
456
456
456
456
431
431
431
431
431
430
430
430
430
430
430
406
406
406
406
406
419
419
419
419
419
411
411
411
411
411
411
415
415
415
415
415
397
397
397
397
397
420
420
420
420
420
420
380
380
380
380
380
416
416
416
416
416
429
429
429
429
429
429
439
439
439
439
439
441
441
441
441
441
447
447
447
447
447
447
445
445
445
445
445
444
444
444
444
444
465
465
465
465
465
465
458
458
458
458
458
475
475
475
475
475
483
483
483
483
483
483
488
488
488
488
488
507
507
507
507
507
538
538
538
538
538
538
528
528
528
528
528
552
552
552
552
552
554
554
554
554
554
554
513
513
513
513
513
538
538
538
538
538
522
522
522
522
522
522
517
517
517
517
517
504
504
504
504
504
462
462
462
462
462
462
465
465
465
465
465
460
460
460
460
460
452
452
452
452
452
452
452
452
452
452
452
448
448
448
448
448
440
440
440
440
440
440
433
433
433
433
433
422
422
422
422
422
436
436
436
436
436
436
449
449
449
449
449
425
425
425
425
425
444
444
444
444
444
444
432
432
432
432
432
445
445
445
445
445
444
444
444
444
444
444
453
453
453
453
453
455
455
455
455
455
453
453
453
453
453
453
439
439
439
439
439
453
453
453
453
453
448
448
448
448
448
448
462
462
462
462
462
461
461
461
461
461
491
491
491
491
491
491
472
472
472
472
472
493
493
493
493
493
509
509
509
509
509
509
511
511
511
511
511
501
501
501
501
501
479
479
479
479
479
479
478
478
478
478
478
467
467
467
467
467
435
435
435
435
435
435
444
444
444
444
444
436
436
436
436
436
438
438
438
438
438
438
428
428
428
428
428
421
421
421
421
421
438
438
438
438
438
438
428
428
428
428
428
423
423
423
423
423
415
415
415
415
415
415
423
423
423
423
423
401
401
401
401
401
439
439
439
439
439
439
423
423
423
423
423
454
454
454
454
454
443
443
443
443
443
443
449
449
449
449
449
472
472
472
472
472
470
470
470
470
470
470
494
494
494
494
494
494
494
494
494
494
510
510
510
510
510
510
483
483
483
483
483
499
499
499
499
499
475
475
475
475
475
475
480
480
480
480
480
461
461
461
461
461
445
445
445
445
445
445
450
450
450
450
450
438
438
438
438
438
439
439
439
439
439
439
441
441
441
441
441
425
425
425
425
425
415
415
415
415
415
415
417
417
417
417
417
421
421
421
421
421
425
425
425
425
425
425
411
411
411
411
411
414
414
414
414
414
416
416
416
416
416
416
415
415
415
415
415
409
409
409
409
409
418
418
418
418
418
418
401
401
401
401
401
401
401
401
401
401
415
415
415
415
415
415
410
410
410
410
410
409
409
409
409
409
426
426
426
426
426
426
423
423
423
423
423
451
451
451
451
451
462
462
462
462
462
462
442
442
442
442
442
454
454
454
454
454
463
463
463
463
463
463
450
450
450
450
450
452
452
452
452
452
429
429
429
429
429
429
413
413
413
413
413
427
427
427
427
427
409
409
409
409
409
409
422
422
422
422
422
423
423
423
423
423
427
427
427
427
427
427
424
424
424
424
424
406
406
406
406
406
413
413
413
413
413
413
436
436
436
436
436
439
439
439
439
439
437
437
437
437
437
437
427
427
427
427
427
437
437
437
437
437
442
442
442
442
442
442
448
448
448
448
448
452
452
452
452
452
455
455
455
455
455
455
440
440
440
440
440
443
443
443
443
443
439
439
439
439
439
439
435
435
435
435
435
449
449
449
449
449
442
442
442
442
442
442
439
439
439
439
439
426
426
426
426
426
442
442
442
442
442
442
451
451
451
451
451
449
449
449
449
449
464
464
464
464
464
464
458
458
458
458
458
457
457
457
457
457
449
449
449
449
449
449
455
455
455
455
455
429
429
429
429
429
450
450
450
450
450
450
449
449
449
449
449
439
439
439
439
439
431
431
431
431
431
431
444
444
444
444
444
428
428
428
428
428
409
409
409
409
409
409
435
435
435
435
435
431
431
431
431
431
417
417
417
417
417
417
425
425
425
425
425
417
417
417
417
417
414
414
414
414
414
414
422
422
422
422
422
419
419
419
419
419
415
415
415
415
415
415
430
430
430
430
430
437
437
437
437
437
430
430
430
430
430
430
416
416
416
416
416
432
432
432
432
432
431
431
431
431
431
431
432
432
432
432
432
425
425
425
425
425
436
436
436
436
436
436
433
433
433
433
433
451
451
451
451
451
419
419
419
419
419
419
456
456
456
456
456
437
437
437
437
436
436
436
436
436
436
431
431
431
431
431
457
457
457
457
457
426
426
426
426
426
426
460
460
460
460
460
447
447
447
447
447
428
428
428
428
428
428
449
449
449
449
449
443
443
443
443
443
460
460
460
460
460
460
464
464
464
464
464
446
446
446
446
446
426
426
426
426
426
426
449
449
449
449
449
425
425
425
425
425
426
426
426
426
426
426
432
432
432
432
432
426
426
426
426
426
424
424
424
424
424
424
431
431
431
431
431
425
425
425
425
425
433
433
433
433
433
433
436
436
436
436
436
446
446
446
446
446