590
590
590
590
430
430
430
430
430
430
394
394
394
394
394
407
407
407
407
407
492
492
492
492
492
492
623
623
623
623
623
810
810
810
810
810
984
984
984
984
984
984
1180
1180
1180
1180
1180
1406
1406
1406
1406
1406
1638
1638
1638
1638
1638
1638
1870
1870
1870
1870
1870
2094
2094
2094
2094
2094
2254
2254
2254
2254
2254
2254
2345
2345
2345
2345
2345
2315
2315
2315
2315
2315
2164
2164
2164
2164
2164
2164
1866
1866
1866
1866
1866
1480
1480
1480
1480
1480
1103
1103
1103
1103
1103
1103
744
744
744
744
744
487
487
487
487
487
357
357
357
357
357
357
341
341
341
341
341
404
404
404
404
404
552
552
552
552
552
552
770
770
770
770
770
1053
1053
1053
1053
1053
1280
1280
1280
1280
1280
1280
1463
1463
1463
1463
1463
1610
1610
1610
1610
1610
1645
1645
1645
1645
1645
1645
1651
1651
1651
1651
1651
1592
1592
1592
1592
1592
1515
1515
1515
1515
1515
1515
1424
1424
1424
1424
1424
1348
1348
1348
1348
1348
1293
1293
1293
1293
1293
1293
1282
1282
1282
1282
1282
1323
1323
1323
1323
1323
1446
1446
1446
1446
1446
1446
1610
1610
1610
1610
1610
1780
1780
1780
1780
1780
1992
1992
1992
1992
1992
1992
2185
2185
2185
2185
2185
2367
2367
2367
2367
2367
2461
2461
2461
2461
2461
2461
2504
2504
2504
2504
2504
2469
2469
2469
2469
2469
2364
2364
2364
2364
2364
2364
2192
2192
2192
2192
2192
2007
2007
2007
2007
2007
1781
1781
1781
1781
1781
1781
1591
1591
1591
1591
1591
1415
1415
1415
1415
1415
1282
1282
1282
1282
1282
1282
1212
1212
1212
1212
1212
1176
1176
1176
1176
1176
1170
1170
1170
1170
1170
1170
1209
1209
1209
1209
1209
1251
1251
1251
1251
1251
1278
1278
1278
1278
1278
1278
1306
1306
1306
1306
1306
1325
1325
1325
1325
1325
1279
1279
1279
1279
1279
1279
1160
1160
1160
1160
1160
1033
1033
1033
1033
1033
863
863
863
863
863
863
696
696
696
696
696
547
547
547
547
547
437
437
437
437
437
437
383
383
383
383
383
363
363
363
363
363
372
372
372
372
372
372
397
397
397
397
397
433
433
433
433
433
506
506
506
506
506
506
554
554
554
554
554
602
602
602
602
602
631
631
631
631
631
631
643
643
643
643
643
630
630
630
630
630
610
610
610
610
610
610
561
561
561
561
561
514
514
514
514
514
467
467
467
467
467
467
419
419
419
419
419
369
369
369
369
369
314
314
314
314
314
314
287
287
287
287
287
257
257
257
257
257
243
243
243
243
243
243
229
229
229
229
229
219
219
219
219
219
207
207
207
207
207
207
201
201
201
201
201
189
189
189
189
189
178
178
178
178
178
178
171
171
171
171
171
175
175
175
175
175
193
193
193
193
193
193
200
200
200
200
200
236
236
236
236
236
264
264
264
264
264
264
290
290
290
290
290
315
315
315
315
315
335
335
335
335
335
335
359
359
359
359
359
367
367
367
367
367
397
397
397
397
397
397
425
425
425
425
425
453
453
453
453
453
482
482
482
482
482
482
543
543
543
543
543
586
586
586
586
586
657
657
657
657
657
657
725
725
725
725
725
824
824
824
824
824
925
925
925
925
925
925
1015
1015
1015
1015
1015
1104
1104
1104
1104
1104
1194
1194
1194
1194
1194
1194
1205
1205
1205
1205
1205
1240
1240
1240
1240
1240
1225
1225
1225
1225
1225
1225
1216
1216
1216
1216
1216
1214
1214
1214
1214
1214
1256
1256
1256
1256
1256
1256
1316
1316
1316
1316
1316
1382
1382
1382
1382
1382
1474
1474
1474
1474
1474
1474
1577
1577
1577
1577
1577
1653
1653
1653
1653
1653
1711
1711
1711
1711
1711
1711
1733
1733
1733
1733
1733
1743
1743
1743
1743
1743
1726
1726
1726
1726
1726
1726
1710
1710
1710
1710
1710
1704
1704
1704
1704
1704
1688
1688
1688
1688
1688
1688
1664
1664
1664
1664
1664
1649
1649
1649
1649
1649
1631
1631
1631
1631
1631
1631
1586
1586
1586
1586
1586
1543
1543
1543
1543
1543
1482
1482
1482
1482
1482
1482
1395
1395
1395
1395
1395
1316
1316
1316
1316
1316
1230
1230
1230
1230
1230
1230
1131
1131
1131
1131
1131
1070
1070
1070
1070
1070
1002
1002
1002
1002
1002
1002
953
953
953
953
953
911
911
911
911
911
879
879
879
879
879
879
847
847
847
847
847
819
819
819
819
819
791
791
791
791
791
791
774
774
774
774
774
760
760
760
760
760
733
733
733
733
733
733
714
714
714
714
714
706
706
706
706
706
703
703
703
703
703
703
720
720
720
720
720
725
725
725
725
725
759
759
759
759
759
759
782
782
782
782
782
835
835
835
835
835
895
895
895
895
895
895
945
945
945
945
945
983
983
983
983
983
994
994
994
994
994
994
988
988
988
988
988
961
961
961
961
961
923
923
923
923
923
923
889
889
889
889
889
877
877
877
877
877
887
887
887
887
887
887
912
912
912
912
912
964
964
964
964
964
1010
1010
1010
1010
1010
1010
1074
1074
1074
1074
1074
1104
1104
1104
1104
1104
1131
1131
1131
1131
1131
1131
1123
1123
1123
1123
1123
1100
1100
1100
1100
1100
1064
1064
1064
1064
1064
1064
1026
1026
1026
1026
1026
975
975
975
975
975
942
942
942
942
942
942
907
907
907
907
907
910
910
910
910
910
905
905
905
905
905
905
890
890
890
890
890
896
896
896
896
896
891
891
891
891
891
891
913
913
913
913
913
948
948
948
948
948
998
998
998
998
998
998
1049
1049
1049
1049
1049
1124
1124
1124
1124
1124
1189
1189
1189
1189
1189
1189
1242
1242
1242
1242
1242
1269
1269
1269
1269
1269
1263
1263
1263
1263
1263
1263
1232
1232
1232
1232
1232
1181
1181
1181
1181
1181
1119
1119
1119
1119
1119
1119
1071
1071
1071
1071
1071
1027
1027
1027
1027
1027
1016
1016
1016
1016
1016
1016
1004
1004
1004
1004
1004
1021
1021
1021
1021
1021
1042
1042
1042
1042
1042
1042
1043
1043
1043
1043
1043
1026
1026
1026
1026
1026
985
985
985
985
985
985
920
920
920
920
920
842
842
842
842
842
768
768
768
768
768
768
694
694
694
694
694
658
658
658
658
658
646
646
646
646
646
646
642
642
642
642
642
676
676
676
676
676
715
715
715
715
715
715
765
765
765
765
765
808
808
808
808
808
826
826
826
826
826
826
844
844
844
844
844
848
848
848
848
848
859
859
859
859
859
859
861
861
861
861
861
873
873
873
873
873
888
888
888
888
888
888
904
904
904
904
904
911
911
911
911
911
918
918
918
918
918
918
916
916
916
916
916
886
886
886
886
886
858
858
858
858
858
858
831
831
831
831
831
800
800
800
800
800
764
764
764
764
764
764
744
744
744
744
744
734
734
734
734
734
741
741
741
741
741
741
737
737
737
737
737
745
745
745
745
745
752
752
752
752
752
752
759
759
759
759
759
779
779
779
779
779
816
816
816
816
816
816
819
819
819
819
819
850
850
850
850
850
895
895
895
895
895
895
923
923
923
923
923
945
945
945
945
945
945
945
945
945
945
945
935
935
935
935
935
898
898
898
898
898
876
876
876
876
876
876
854
854
854
854
854
847
847
847
847
847
845
845
845
845
845
845
861
861
861
861
861
880
880
880
880
880
914
914
914
914
914
914
949
949
949
949
949
967
967
967
967
967
944
944
944
944
944
944
936
936
936
936
936
895
895
895
895
895
852
852
852
852
852
852
800
800
800
800
800
781
781
781
781
781
756
756
756
756
756
756
763
763
763
763
763
778
778
778
778
778
816
816
816
816
816
816
848
848
848
848
848
886
886
886
886
886
919
919
919
919
919
919
944
944
944
944
944
952
952
952
952
952
962
962
962
962
962
962
974
974
974
974
974
968
968
968
968
968
968
968
968
968
968
968
988
988
988
988
988
994
994
994
994
994
1032
1032
1032
1032
1032
1032
1046
1046
1046
1046
1046
1078
1078
1078
1078
1078
1095
1095
1095
1095
1095
1095
1093
1093
1093
1093
1093
1092
1092
1092
1092
1092
1076
1076
1076
1076
1076
1076
1052
1052
1052
1052
1052
1037
1037
1037
1037
1037
1023
1023
1023
1023
1023
1023
1000
1000
1000
1000
1000
977
977
977
977
977
941
941
941
941
941
941
926
926
926
926
926
920
920
920
920
920
890
890
890
890
890
890
883
883
883
883
883
877
877
877
877
877
882
882
882
882
882
882
901
901
901
901
901
931
931
931
931
931
965
965
965
965
965
965
991
991
991
991
991
1023
1023
1023
1023
1023
1048
1048
1048
1048
1048
1048
1067
1067
1067
1067
1067
1081
1081
1081
1081
1081
1101
1101
1101
1101
1101
1101
1106
1106
1106
1106
1106
1098
1098
1098
1098
1098
1091
1091
1091
1091
1091
1091
1090
1090
1090
1090
1090
1075
1075
1075
1075
1075
1084
1084
1084
1084
1084
1084
1073
1073
1073
1073
1073
1044
1044
1044
1044
1044
1027
1027
1027
1027
1027
1027
1001
1001
1001
1001
1001
978
978
978
978
978
957
957
957
957
957
957
937
937
937
937
937
926
926
926
926
926
925
925
925
925
925
925
953
953
953
953
953
952
952
952
952
952
969
969
969
969
969
969
975
975
975
975
975
987
987
987
987
987
978
978
978
978
978
978
963
963
963
963
963
968
968
968
968
968
930
930
930
930
930
930
922
922
922
922
922
905
905
905
905
905
902
902
902
902
902
902
890
890
890
890
890
882
882
882
882
882
903
903
903
903
903
903
894
894
894
894
894
908
908
908
908
908
896
896
896
896
896
896
910
910
910
910
910
902
902
902
902
902
904
904
904
904
904
904
898
898
898
898
898
862
862
862
862
862
848
848
848
848
848
848
818
818
818
818
818
805
805
805
805
805
784
784
784
784
784
784
749
749
749
749
749
774
774
774
774
774
747
747
747
747
747
747
755
755
755
755
755
771
771
771
771
771
776
776
776
776
776
776
774
774
774
774
774
795
795
795
795
795
779
779
779
779
779
779
790
790
790
790
790
788
788
788
788
788
803
803
803
803
803
803
803
803
803
803
803
825
825
825
825
825
827
827
827
827
827
827
856
856
856
856
856
892
892
892
892
892
904
904
904
904
904
904
907
907
907
907
907
903
903
903
903
903
905
905
905
905
905
905
898
898
898
898
898
893
893
893
893
893
880
880
880
880
880
880
870
870
870
870
870
867
867
867
867
867
859
859
859
859
859
859
868
868
868
868
868
864
864
864
864
864
860
860
860
860
860
860
851
851
851
851
851
851
851
851
851
851
836
836
836
836
836
836
836
836
836
836
836
838
838
838
838
838
846
846
846
846
846
846
862
862
862
862
862
883
883
883
883
883
921
921
921
921
921
921
934
934
934
934
934
963
963
963
963
963
993
993
993
993
993
993
1020
1020
1020
1020
1020
1046
1046
1046
1046
1046
1045
1045
1045
1045
1045
1045
1038
1038
1038
1038
1038
1040
1040
1040
1040
1040
1012
1012
1012
1012
1012
1012
1019
1019
1019
1019
1019
994
994
994
994
994
984
984
984
984
984
984
976
976
976
976
976
947
947
947
947
947
941
941
941
941
941
941
940
940
940
940
940
935
935
935
935
935
939
939
939
939
939
939
936
936
936
936
936
953
953
953
953
953
952
952
952
952
952
952
954
954
954
954
954
951
951
951
951
951
952
952
952
952
952
952
948
948
948
948
948
929
929
929
929
929
925
925
925
925
925
925
899
899
899
899
899
896
896
896
896
896
897
897
897
897
897
897
895
895
895
895
895
902
902
902
902
902
918
918
918
918
918
918
942
942
942
942
942
928
928
928
928
928
940
940
940
940
940
940
937
937
937
937
937
924
924
924
924
924
912
912
912
912
912
912
920
920
920
920
920
892
892
892
892
892
885
885
885
885
885
885
885
885
885
885
885
867
867
867
867
867
856
856
856
856
856
856
860
860
860
860
860
864
864
864
864
864
872
872
872
872
872
872
884
884
884
884
884
907
907
907
907
907
914
914
914
914
914
914
937
937
937
937
937
936
936
936
936
936
937
937
937
937
937
937
941
941
941
941
941
950
950
950
950
950
937
937
937
937
937
937
948
948
948
948
948
923
923
923
923
923
934
934
934
934
934
934
918
918
918
918
918
930
930
930
930
930
922
922
922
922
922
922
923
923
923
923
923
930
930
930
930
930
938
938
938
938
938
938
948
948
948
948
948
955
955
955
955
955
973
973
973
973
973
973
1004
1004
1004
1004
1004
1010
1010
1010
1010
1010
1031
1031
1031
1031
1031
1031
1040
1040
1040
1040
1040
1046
1046
1046
1046
1046
1075
1075
1075
1075
1075
1075
1077
1077
1077
1077
1077
1083
1083
1083
1083
1083
1078
1078
1078
1078
1078
1078
1087
1087
1087
1087
1087
1101
1101
1101
1101
1101
1105
1105
1105
1105
1105
1105
1102
1102
1102
1102
1102
1119
1119
1119
1119
1119
1116
1116
1116
1116
1116
1116
1120
1120
1120
1120
1120
1137
1137
1137
1137
1137
1147
1147
1147
1147
1147
1147
1160
1160
1160
1160
1160
1168
1168
1168
1168
1168
1173
1173
1173
1173
1173
1173
1181
1181
1181
1181
1181
1163
1163
1163
1163
1163
1154
1154
1154
1154
1154
1154
1140
1140
1140
1140
1140
1131
1131
1131
1131
1131
1115
1115
1115
1115
1115
1115
1113
1113
1113
1113
1113
1103
1103
1103
1103
1103
1103
1103
1103
1103
1103
1103
1097
1097
1097
1097
1097
1117
1117
1117
1117
1117
1100
1100
1100
1100
1100
1100
1105
1105
1105
1105
1105
1110
1110
1110
1110
1110
1116
1116
1116
1116
1116
1116
1129
1129
1129
1129
1129
1076
1076
1076
1076
1076
1078
1078
1078
1078
1078
1078
1046
1046
1046
1046
1046
1027
1027
1027
1027
1027
1013
1013
1013
1013
1013
1013
989
989
989
989
989
966
966
966
966
966
947
947
947
947
947
947
923
923
923
923
923
898
898
898
898
898
888
888
888
888
888
888
874
874
874
874
874
878
878
878
878
878
856
856
856
856
856
856
852
852
852
852
852
863
863
863
863
863
848
848
848
848
848
848
863
863
863
863
863
864
864
864
864
864
870
870
870
870
870
870
899
899
899
899
899
899
899
899
899
899
915
915
915
915
915
915
906
906
906
906
906
915
915
915
915
915
915
915
915
915
915
915
890
890
890
890
890
884
884
884
884
884
852
852
852
852
852
852
858
858
858
858
858
842
842
842
842
842
833
833
833
833
833
833
806
806
806
806
806
793
793
793
793
793
782
782
782
782
782
782
764
764
764
764
764
765
765
765
765
765
755
755
755
755
755
755
758
758
758
758
758
767
767
767
767
767
775
775
775
775
775
775
771
771
771
771
771
782
782
782
782
782
791
791
791
791
791
791
792
792
792
792
792
803
803
803
803
803
817
817
817
817
817
817
819
819
819
819
819
826
826
826
826
826
831
831
831
831
831
831
820
820
820
820
820
828
828
828
828
828
825
825
825
825
825
825
831
831
831
831
831
817
817
817
817
817
824
824
824
824
824
824
814
814
814
814
814
809
809
809
809
809
826
826
826
826
826
826
834
834
834
834
834
853
853
853
853
853
874
874
874
874
874
874
892
892
892
892
892
905
905
905
905
905
913
913
913
913
913
913
936
936
936
936
936
936
936
936
936
936
926
926
926
926
926
926
948
948
948
948
948
945
945
945
945
945
945
945
945
945
945
945
939
939
939
939
939
941
941
941
941
941
930
930
930
930
930
930
927
927
927
927
927
927
927
927
927
927
916
916
916
916
916
916
923
923
923
923
923
912
912
912
912
912
918
918
918
918
918
918
915
915
915
915
915
912
912
912
912
912
909
909
909
909
909
909
922
922
922
922
922
936
936
936
936
936
945
945
945
945
945
945
939
939
939
939
939
959
959
959
959
959
974
974
974
974
974
974
996
996
996
996
996
1007
1007
1007
1007
1007
1016
1016
1016
1016
1016
1016
1010
1010
1010
1010
1010
999
999
999
999
999
1013
1013
1013
1013
1013
1013
1013
1013
1013
1013
1013
1000
1000
1000
1000
1000
1002
1002
1002
1002
1002
1002
986
986
986
986
986
999
999
999
999
999
994
994
994
994
994
994
993
993
993
993
993
990
990
990
990
990
1011
1011
1011
1011
1011
1011
1008
1008
1008
1008
1008
1031
1031
1031
1031
1031
1029
1029
1029
1029
1029
1029
1031
1031
1031
1031
1031
1048
1048
1048
1048
1048
1025
1025
1025
1025
1025
1025
1023
1023
1023
1023
1023
991
991
991
991
991
984
984
984
984
984
984
985
985
985
985
985
1002
1002
1002
1002
1002
1002
1002
1002
1002
1002
1002
1021
1021
1021
1021
1021
1036
1036
1036
1036
1036
1055
1055
1055
1055
1055
1055
1073
1073
1073
1073
1073
1080
1080
1080
1080
1080
1080
1080
1080
1080
1080
1080
1057
1057
1057
1057
1057
1035
1035
1035
1035
1035
1004
1004
1004
1004
1004
1004
984
984
984
984
984
967
967
967
967
967
952
952
952
952
952
952
927
927
927
927
927
931
931
931
931
931
928
928
928
928
928
928
932
932
932
932
932
931
931
931
931
931
934
934
934
934
934
934
936
936
936
936
936
933
933
933
933
933
951
951
951
951
951
951
957
957
957
957
957
977
977
977
977
977
1006
1006
1006
1006
1006
1006
1015
1015
1015
1015
1015
1025
1025
1025
1025
1025
1042
1042
1042
1042
1042
1042
1036
1036
1036
1036
1036
1028
1028
1028
1028
1028
1018
1018
1018
1018
1018
1018
1012
1012
1012
1012
1012
991
991
991
991
991
985
985
985
985
985
985
982
982
982
982
982
990
990
990
990
990
991
991
991
991
991
991
1009
1009
1009
1009
1009
1019
1019
1019
1019
1019
1024
1024
1024
1024
1024
1024
1017
1017
1017
1017
1017
1007
1007
1007
1007
1007
1008
1008
1008
1008
1008
1008
983
983
983
983
983
949
949
949
949
949
924
924
924
924
924
924
889
889
889
889
889
869
869
869
869
869
857
857
857
857
857
857
821
821
821
821
821
813
813
813
813
813
804
804
804
804
804
804
817
817
817
817
817
828
828
828
828
828
826
826
826
826
826
826
832
832
832
832
832
839
839
839
839
839
844
844
844
844
844
844
837
837
837
837
837
838
838
838
838
838
825
825
825
825
825
825
804
804
804
804
804
798
798
798
798
798
776
776
776
776
776
776
766
766
766
766
766
774
774
774
774
774
757
757
757
757
757
757
759
759
759
759
759
768
768
768
768
768
780
780
780
780
780
780
772
772
772
772
772
783
783
783
783
783
796
796
796
796
796
796
801
801
801
801
801
813
813
813
813
813
817
817
817
817
817
817
810
810
810
810
810
826
826
826
826
826
820
820
820
820
820
820
817
817
817
817
817
811
811
811
811
811
796
796
796
796
796
796
791
791
791
791
791
802
802
802
802
802
806
806
806
806
806
806
810
810
810
810
810
814
814
814
814
814
833
833
833
833
833
833
848
848
848
848
848
855
855
855
855
855
867
867
867
867
867
867
881
881
881
881
881
890
890
890
890
890
894
894
894
894
894
894
925
925
925
925
925
932
932
932
932
932
950
950
950
950
950
950
959
959
959
959
959
976
976
976
976
976
984
984
984
984
984
984
1005
1005
1005
1005
1005
1020
1020
1020
1020
1020
1025
1025
1025
1025
1025
1025
1033
1033
1033
1033
1033
1049
1049
1049
1049
1049
1052
1052
1052
1052
1052
1052
1085
1085
1085
1085
1085
1099
1099
1099
1099
1099
1117
1117
1117
1117
1117
1117
1134
1134
1134
1134
1134
1149
1149
1149
1149
1149
1159
1159
1159
1159
1159
1159
1178
1178
1178
1178
1178
1200
1200
1200
1200
1200
1213
1213
1213
1213
1213
1213
1245
1245
1245
1245
1245
1244
1244
1244
1244
1244
1284
1284
1284
1284
1284
1284
1295
1295
1295
1295
1295
1332
1332
1332
1332
1332
1350
1350
1350
1350
1350
1350
1349
1349
1349
1349
1349
1378
1378
1378
1378
1378
1389
1389
1389
1389
1389
1389
1386
1386
1386
1386
1386
1394
1394
1394
1394
1394
1383
1383
1383
1383
1383
1383
1371
1371
1371
1371
1371
1341
1341
1341
1341
1341
1321
1321
1321
1321
1321
1321
1303
1303
1303
1303
1303
1275
1275
1275
1275
1275
1262
1262
1262
1262
1262
1262
1253
1253
1253
1253
1253
1230
1230
1230
1230
1230
1205
1205
1205
1205
1205
1205
1205
1205
1205
1205
1205
1181
1181
1181
1181
1181
1195
1195
1195
1195
1195
1195
1178
1178
1178
1178
1178
1165
1165
1165
1165
1165
1157
1157
1157
1157
1157
1157
1152
1152
1152
1152
1152
1133
1133
1133
1133
1133
1110
1110
1110
1110
1110
1110
1064
1064
1064
1064
1064
1008
1008
1008
1008
1008
968
968
968
968
968
968
917
917
917
917
917
882
882
882
882
882
849
849
849
849
849
849
826
826
826
826
826
816
816
816
816
816
817
817
817
817
817
817
826
826
826
826
826
852
852
852
852
852
876
876
876
876
876
876
892
892
892
892
892
905
905
905
905
905
900
900
900
900
900
900
891
891
891
891
891
860
860
860
860
860
814
814
814
814
814
814
746
746
746
746
746
695
695
695
695
695
628
628
628
628
628
628
564
564
564
564
564
516
516
516
516
516
489
489
489
489
489
489
466
466
466
466
466
467
467
467
467
467
474
474
474
474
474
474
515
515
515
515
515
526
526
526
526
526
579
579
579
579
579
579
619
619
619
619
619
651
651
651
651
651
684
684
684
684
684
684
694
694
694
694
694
693
693
693
693
693
679
679
679
679
679
679
647
647
647
647
647
612
612
612
612
612
570
570
570
570
570
570
516
516
516
516
516
491
491
491
491
491
442
442
442
442
442
442
442
442
442
442
442
456
456
456
456
456
477
477
477
477
477
477
530
530
530
530
530
578
578
578
578
578
658
658
658
658
658
658
729
729
729
729
729
783
783
783
783
783
832
832
832
832
832
832
848
848
848
848
848
853
853
853
853
853
854
854
854
854
854
854
824
824
824
824
824
797
797
797
797
797
804
804
804
804
804
804
775
775
775
775
775
759
759
759
759
759
765
765
765
765
765
765
756
756
756
756
756
752
752
752
752
752
768
768
768
768
768
768
801
801
801
801
801
822
822
822
822
822
843
843
843
843
843
843
875
875
875
875
875
888
888
888
888
888
894
894
894
894
894
894
906
906
906
906
906
894
894
894
894
894
886
886
886
886
886
886
868
868
868
868
868
845
845
845
845
845
864
864
864
864
864
864
881
881
881
881
881
927
927
927
927
927
984
984
984
984
984
984
1058
1058
1058
1058
1058
1127
1127
1127
1127
1127
1225
1225
1225
1225
1225
1225
1324
1324
1324
1324
1324
1389
1389
1389
1389
1389
1453
1453
1453
1453
1453
1453
1498
1498
1498
1498
1498
1542
1542
1542
1542
1542
1553
1553
1553
1553
1553
1553
1579
1579
1579
1579
1579
1609
1609
1609
1609
1609
1604
1604
1604
1604
1604
1604
1600
1600
1600
1600
1600
1596
1596
1596
1596
1596
1608
1608
1608
1608
1608
1608
1609
1609
1609
1609
1609
1602
1602
1602
1602
1602
1606
1606
1606
1606
1606
1606
1614
1614
1614
1614
1614
1624
1624
1624
1624
1624
1614
1614
1614
1614
1614
1614
1617
1617
1617
1617
1617
1612
1612
1612
1612
1612
1605
1605
1605
1605
1605
1605
1567
1567
1567
1567
1567
1515
1515
1515
1515
1515
1477
1477
1477
1477
1477
1477
1428
1428
1428
1428
1428
1374
1374
1374
1374
1374
1315
1315
1315
1315
1315
1315
1246
1246
1246
1246
1246
1225
1225
1225
1225
1225
1162
1162
1162
1162
1162
1162
1138
1138
1138
1138
1138
1103
1103
1103
1103
1103
1068
1068
1068
1068
1068
1068
1035
1035
1035
1035
1035
1002
1002
1002
1002
1002
987
987
987
987
987
987
962
962
962
962
962
953
953
953
953
953
926
926
926
926
926
926
930
930
930
930
930
906
906
906
906
906
898
898
898
898
898
898
875
875
875
875
875
856
856
856
856
856
830
830
830
830
830
830
801
801
801
801
801
769
769
769
769
769
741
741
741
741
741
741
722
722
722
722
722
718
718
718
718
718
724
724
724
724
724
724
701
701
701
701
701
691
691
691
691
691
707
707
707
707
707
707
699
699
699
699
699
679
679
679
679
679
686
686
686
686
686
686
662
662
662
662
662
652
652
652
652
652
654
654
654
654
654
654
649
649
649
649
649
647
647
647
647
647
634
634
634
634
634
634
643
643
643
643
643
648
648
648
648
648
656
656
656
656
656
656
668
668
668
668
668
680
680
680
680
680
681
681
681
681
681
681
699
699
699
699
699
703
703
703
703
703
718
718
718
718
718
718
741
741
741
741
741
764
764
764
764
764
777
777
777
777
777
777
803
803
803
803
803
823
823
823
823
823
846
846
846
846
846
846
862
862
862
862
862
879
879
879
879
879
903
903
903
903
903
903
895
895
895
895
895
908
908
908
908
908
926
926
926
926
926
926
948
948
948
948
948
969
969
969
969
969
983
983
983
983
983
983
995
995
995
995
995
1018
1018
1018
1018
1018
1037
1037