432
432
410
410
410
410
410
405
405
405
405
405
405
416
416
416
416
416
414
414
414
414
414
396
396
396
396
396
396
417
417
417
417
417
417
417
417
417
417
413
413
413
413
413
413
415
415
415
415
415
419
419
419
419
419
419
419
419
419
419
419
421
421
421
421
421
394
394
394
394
394
424
424
424
424
424
424
397
397
397
397
397
419
419
419
419
419
408
408
408
408
408
408
416
416
416
416
416
414
414
414
414
414
429
429
429
429
429
429
414
414
414
414
414
418
418
418
418
418
399
399
399
399
399
399
422
422
422
422
422
408
408
408
408
408
402
402
402
402
402
402
423
423
423
423
423
416
416
416
416
416
412
412
412
412
412
412
408
408
408
408
408
417
417
417
417
417
426
426
426
426
426
426
405
405
405
405
405
406
406
406
406
406
406
406
406
406
406
406
410
410
410
410
410
409
409
409
409
409
418
418
418
418
418
418
415
415
415
415
415
410
410
410
410
410
409
409
409
409
409
409
410
410
410
410
410
408
408
408
408
408
410
410
410
410
410
410
423
423
423
423
423
400
400
400
400
400
410
410
410
410
410
410
410
410
410
410
410
434
434
434
434
434
406
406
406
406
406
406
420
420
420
420
420
392
392
392
392
392
403
403
403
403
403
403
400
400
400
400
400
410
410
410
410
410
412
412
412
412
412
412
413
413
413
413
413
413
413
413
413
413
410
410
410
410
410
410
411
411
411
411
411
409
409
409
409
409
420
420
420
420
420
420
416
416
416
416
416
407
407
407
407
407
388
388
388
388
388
388
411
411
411
411
411
415
415
415
415
415
421
421
421
421
421
421
407
407
407
407
407
395
395
395
395
395
419
419
419
419
419
419
399
399
399
399
399
416
416
416
416
416
410
410
410
410
410
410
426
426
426
426
426
396
396
396
396
396
420
420
420
420
420
420
413
413
413
413
413
408
408
408
408
408
404
404
404
404
404
404
422
422
422
422
422
422
422
422
422
422
401
401
401
401
401
401
415
415
415
415
415
416
416
416
416
416
408
408
408
408
408
408
422
422
422
422
422
409
409
409
409
409
403
403
403
403
403
403
417
417
417
417
417
419
419
419
419
419
422
422
422
422
422
422
408
408
408
408
408
418
418
418
418
418
410
410
410
410
410
410
424
424
424
424
424
425
425
425
425
425
421
421
421
421
421
421
416
416
416
416
416
419
419
419
419
419
408
408
408
408
408
408
403
403
403
403
403
425
425
425
425
425
410
410
410
410
410
410
417
417
417
417
417
403
403
403
403
403
418
418
418
418
418
418
410
410
410
410
410
402
402
402
402
402
429
429
429
429
429
429
393
393
393
393
393
421
421
421
421
421
405
405
405
405
405
405
408
408
408
408
408
432
432
432
432
432
428
428
428
428
428
428
402
402
402
402
402
414
414
414
414
414
406
406
406
406
406
406
416
416
416
416
416
406
406
406
406
406
422
422
422
422
422
422
418
418
418
418
418
426
426
426
426
426
413
413
413
413
413
413
412
412
412
412
412
409
409
409
409
409
421
421
421
421
421
421
408
408
408
408
408
417
417
417
417
417
418
418
418
418
418
418
424
424
424
424
424
416
416
416
416
416
420
420
420
420
420
420
423
423
423
423
423
423
423
423
423
423
416
416
416
416
416
416
410
410
410
410
410
416
416
416
416
416
415
415
415
415
415
415
414
414
414
414
414
407
407
407
407
407
410
410
410
410
410
410
419
419
419
419
419
410
410
410
410
410
413
413
413
413
413
413
407
407
407
407
407
425
425
425
425
425
406
406
406
406
406
406
425
425
425
425
425
410
410
410
410
410
407
407
407
407
407
407
414
414
414
414
414
423
423
423
423
423
391
391
391
391
391
391
415
415
415
415
415
406
406
406
406
406
411
411
411
411
411
411
411
411
411
411
411
412
412
412
412
412
411
411
411
411
411
411
406
406
406
406
406
408
408
408
408
408
409
409
409
409
409
409
406
406
406
406
406
405
405
405
405
405
414
414
414
414
414
414
412
412
412
412
412
410
410
410
410
410
419
419
419
419
419
419
417
417
417
417
417
401
401
401
401
401
402
402
402
402
402
402
417
417
417
417
417
393
393
393
393
393
410
410
410
410
410
410
407
407
407
407
407
414
414
414
414
414
409
409
409
409
409
409
407
407
407
407
407
409
409
409
409
409
403
403
403
403
403
403
419
419
419
419
419
423
423
423
423
423
410
410
410
410
410
410
419
419
419
419
419
405
405
405
405
405
409
409
409
409
409
409
410
410
410
410
410
409
409
409
409
409
418
418
418
418
418
418
399
399
399
399
399
417
417
417
417
417
429
429
429
429
429
429
419
419
419
419
419
399
399
399
399
399
414
414
414
414
414
414
396
396
396
396
396
417
417
417
417
417
430
430
430
430
430
430
420
420
420
420
420
412
412
412
412
412
404
404
404
404
404
404
409
409
409
409
409
408
408
408
408
408
427
427
427
427
427
427
414
414
414
414
414
409
409
409
409
409
419
419
419
419
419
419
408
408
408
408
408
405
405
405
405
405
403
403
403
403
403
403
407
407
407
407
407
416
416
416
416
416
402
402
402
402
402
402
422
422
422
422
422
408
408
408
408
408
424
424
424
424
424
424
405
405
405
405
405
426
426
426
426
426
419
419
419
419
419
419
405
405
405
405
405
403
403
403
403
403
402
402
402
402
402
402
406
406
406
406
406
393
393
393
393
393
417
417
417
417
417
417
395
395
395
395
395
418
418
418
418
418
421
421
421
421
421
421
410
410
410
410
410
407
407
407
407
407
408
408
408
408
408
408
402
402
402
402
402
404
404
404
404
404
412
412
412
412
412
412
414
414
414
414
414
408
408
408
408
408
423
423
423
423
423
423
398
398
398
398
398
417
417
417
417
417
403
403
403
403
403
403
393
393
393
393
393
418
418
418
418
418
394
394
394
394
394
394
410
410
410
410
410
405
405
405
405
405
396
396
396
396
396
396
410
410
410
410
410
399
399
399
399
399
390
390
390
390
390
390
420
420
420
420
420
402
402
402
402
402
403
403
403
403
403
403
398
398
398
398
398
397
397
397
397
397
396
396
396
396
396
396
387
387
387
387
387
393
393
393
393
393
380
380
380
380
380
380
391
391
391
391
391
379
379
379
379
379
395
395
395
395
395
395
377
377
377
377
377
389
389
389
389
389
395
395
395
395
395
395
376
376
376
376
376
379
379
379
379
379
385
385
385
385
385
385
388
388
388
388
388
390
390
390
390
390
373
373
373
373
373
373
384
384
384
384
384
381
381
381
381
381
397
397
397
397
397
397
407
407
407
407
407
425
425
425
425
425
437
437
437
437
437
437
446
446
446
446
446
442
442
442
442
442
441
441
441
441
441
441
428
428
428
428
428
441
441
441
441
441
421
421
421
421
421
421
406
406
406
406
406
410
410
410
410
410
396
396
396
396
396
396
397
397
397
397
397
387
387
387
387
387
400
400
400
400
400
400
390
390
390
390
390
400
400
400
400
400
423
423
423
423
423
423
407
407
407
407
407
414
414
414
414
414
410
410
410
410
410
410
421
421
421
421
421
427
427
427
427
427
433
433
433
433
433
433
429
429
429
429
429
429
429
429
429
429
425
425
425
425
425
425
433
433
433
433
433
432
432
432
432
432
413
413
413
413
413
413
417
417
417
417
417
433
433
433
433
433
439
439
439
439
439
439
417
417
417
417
417
413
413
413
413
413
404
404
404
404
404
404
409
409
409
409
409
399
399
399
399
399
407
407
407
407
407
407
395
395
395
395
395
404
404
404
404
404
376
376
376
376
376
376
386
386
386
386
386
398
398
398
398
398
394
394
394
394
394
394
404
404
404
404
404
398
398
398
398
398
430
430
430
430
430
430
415
415
415
415
415
452
452
452
452
452
470
470
470
470
470
470
473
473
473
473
473
478
478
478
478
478
468
468
468
468
468
468
450
450
450
450
450
436
436
436
436
436
438
438
438
438
438
438
422
422
422
422
422
421
421
421
421
421
403
403
403
403
403
403
410
410
410
410
410
417
417
417
417
417
444
444
444
444
444
444
438
438
438
438
438
438
438
438
438
438
462
462
462
462
462
462
472
472
472
472
472
484
484
484
484
484
483
483
483
483
483
483
525
525
525
525
525
508
508
508
508
508
510
510
510
510
510
510
535
535
535
535
535
535
535
535
535
535
536
536
536
536
536
536
532
532
532
532
532
489
489
489
489
489
496
496
496
496
496
496
433
433
433
433
433
420
420
420
420
420
396
396
396
396
396
396
399
399
399
399
399
376
376
376
376
376
361
361
361
361
361
361
363
363
363
363
363
363
363
363
363
363
378
378
378
378
378
378
389
389
389
389
389
409
409
409
409
409
418
418
418
418
418
418
440
440
440
440
440
489
489
489
489
489
510
510
510
510
510
510
552
552
552
552
552
596
596
596
596
596
643
643
643
643
643
643
709
709
709
709
709
815
815
815
815
815
974
974
974
974
974
974
1108
1108
1108
1108
1108
1297
1297
1297
1297
1297
1512
1512
1512
1512
1512
1512
1644
1644
1644
1644
1644
1760
1760
1760
1760
1760
1807
1807
1807
1807
1807
1807
1753
1753
1753
1753
1753
1653
1653
1653
1653
1653
1546
1546
1546
1546
1546
1546
1343
1343
1343
1343
1343
1135
1135
1135
1135
1135
911
911
911
911
911
911
645
645
645
645
645
488
488
488
488
488
411
411
411
411
411
411
388
388
388
388
388
372
372
372
372
372
366
366
366
366
366
366
358
358
358
358
358
357
357
357
357
357
367
367
367
367
367
367
370
370
370
370
370
369
369
369
369
369
388
388
388
388
388
388
384
384
384
384
384
388
388
388
388
388
400
400
400
400
400
400
410
410
410
410
410
381
381
381
381
381
379
379
379
379
379
379
360
360
360
360
360
339
339
339
339
339
335
335
335
335
335
335
330
330
330
330
330
332
332
332
332
332
327
327
327
327
327
327
335
335
335
335
335
356
356
356
356
356
380
380
380
380
380
380
410
410
410
410
410
426
426
426
426
426
477
477
477
477
477
477
511
511
511
511
511
514
514
514
514
514
509
509
509
509
509
509
508
508
508
508
508
460
460
460
460
460
458
458
458
458
458
458
453
453
453
453
453
446
446
446
446
446
467
467
467
467
467
467
461
461
461
461
461
437
437
437
437
437
436
436
436
436
436
436
408
408
408
408
408
371
371
371
371
371
359
359
359
359
359
359
364
364
364
364
364
361
361
361
361
361
361
361
361
361
361
361
354
354
354
354
354
374
374
374
374
374
385
385
385
385
385
385
409
409
409
409
409
434
434
434
434
434
453
453
453
453
453
453
469
469
469
469
469
482
482
482
482
482
434
434
434
434
434
434
463
463
463
463
463
443
443
443
443
443
428
428
428
428
428
428
416
416
416
416
416
385
385
385
385
385
390
390
390
390
390
390
366
366
366
366
366
360
360
360
360
360
370
370
370
370
370
370
362
362
362
362
362
352
352
352
352
352
362
362
362
362
362
362
362
362
362
362
362
359
359
359
359
359
374
374
374
374
374
374
390
390
390
390
390
398
398
398
398
398
402
402
402
402
402
402
391
391
391
391
391
376
376
376
376
376
386
386
386
386
386
386
374
374
374
374
374
379
379
379
379
379
367
367
367
367
367
367
361
361
361
361
361
370
370
370
370
370
381
381
381
381
381
381
394
394
394
394
394
408
408
408
408
408
417
417
417
417
417
417
412
412
412
412
412
425
425
425
425
425
422
422
422
422
422
422
405
405
405
405
405
385
385
385
385
385
379
379
379
379
379
379
377
377
377
377
377
374
374
374
374
374
366
366
366
366
366
366
357
357
357
357
357
366
366
366
366
366
358
358
358
358
358
358
371
371
371
371
371
377
377
377
377
377
387
387
387
387
387
387
384
384
384
384
384
383
383
383
383
383
385
385
385
385
385
385
386
386
386
386
386
371
371
371
371
371
368
368
368
368
368
368
359
359
359
359
359
364
364
364
364
364
350
350
350
350
350
350
349
349
349
349
349
358
358
358
358
358
360
360
360
360
360
360
366
366
366
366
366
395
395
395
395
395
395
395
395
395
395
395
425
425
425
425
425
450
450
450
450
450
471
471
471
471
471
471
496
496
496
496
496
490
490
490
490
490
510
510
510
510
510
510
509
509
509
509
509
488
488
488
488
488
451
451
451
451
451
451
435
435
435
435
435
393
393
393
393
393
375
375
375
375
375
375
371
371
371
371
371
363
363
363
363
363
349
349
349
349
349
349
353
353
353
353
353
350
350
350
350
350
353
353
353
353
353
353
370
370
370
370
370
376
376
376
376
376
384
384
384
384
384
384
402
402
402
402
402
381
381
381
381
381
375
375
375
375
375
375
363
363
363
363
363
349
349
349
349
349
358
358
358
358
358
358
334
334
334
334
334
351
351
351
351
351
341
341
341
341
341
341
359
359
359
359
359
402
402
402
402
402
436
436
436
436
436
436
508
508
508
508
508
606
606
606
606
606
762
762
762
762
762
762
850
850
850
850
850
839
839
839
839
839
828
828
828
828
828
828
726
726
726
726
726
624
624
624
624
624
536
536
536
536
536
536
495
495
495
495
495
468
468
468
468
468
443
443
443
443
443
443
441
441
441
441
441
420
420
420
420
420
418
418
418
418
418
418
413
413
413
413
413
410
410
410
410
410
422
422
422
422
422
422
419
419
419
419
419
436
436
436
436
436
445
445
445
445
445
445
509
509
509
509
509
568
568
568
568
568
682
682
682
682
682
682
728
728
728
728
728
771
771
771
771
771
781
781
781
781
781
781
695
695
695
695
695
669
669
669
669
669
590
590
590
590
590
590
559
559
559
559
559
532
532
532
532
532
533
533
533
533
533
533
543
543
543
543
543
569
569
569
569
569
596
596
596
596
596
596
623
623
623
623
623
630
630
630
630
630
605
605
605
605
605
605
548
548
548
548
548
500
500
500
500
500
455
455
455
455
455
455
424
424
424
424
424
405
405
405
405
405
378
378
378
378
378
378
382
382
382
382
382
375
375
375
375
375
393
393
393
393
393
393
372
372
372
372
372
381
381
381
381
381
393
393
393
393
393
393
423
423
423
423
423
424
424
424
424
424
429
429
429
429
429
429
431
431
431
431
431
408
408
408
408
408
408
408
408
408
408
408
384
384
384
384
384
375
375
375
375
375
380
380
380
380
380
380
376
376
376
376
376
383
383
383
383
383
378
378
378
378
378
378
390
390
390
390
390
419
419
419
419
419
446
446
446
446
446
446
499
499
499
499
499
522
522
522
522
522
561
561
561
561
561
561
619
619
619
619
619
626
626
626
626
626
595
595
595
595
595
595
592
592
592
592
592
574
574
574
574
574
515
515
515
515
515
515
496
496
496
496
496
484
484
484
484
484
454
454
454
454
454
454
427
427
427
427
427
447
447
447
447
447
421
421
421
421
421
421
426
426
426
426
426
428
428
428
428
428
418
418
418
418
418
418
413
413
413
413
413
415
415
415
415
415
412
412
412
412
412
412
402
402
402
402
402
398
398
398
398
398
407
407
407
407
407
407
398
398
398
398
398
394
394
394
394
394
401
401
401
401
401
401
412
412
412
412
412
426
426
426
426
426
435
435
435
435
435
435
476
476
476
476
476
468
468
468
468
468
460
460
460
460
460
460
476
476
476
476
476
448
448
448
448
448
432
432
432
432
432
432
432
432
432
432
432
398
398
398
398
398
391
391
391
391
391
391
400
400
400
400
400
384
384
384
384
384
394
394
394
394
394
394
386
386
386
386
386
392
392
392
392
392
374
374
374
374
374
374
392
392
392
392
392
389
389
389
389
389
413
413
413
413
413
413
430
430
430
430
430
449
449
449
449
449
454
454
454
454
454
454
481
481
481
481
481
450
450
450
450
450
443
443
443
443
443
443
438
438
438
438
438
406
406
406
406
406
394
394
394
394
394
394
384
384
384
384
384
376
376
376
376
376
389
389
389
389
389
389
385
385
385
385
385
386
386
386
386
386
381
381
381
381
381
381
385
385
385
385
385
404
404
404
404
404
394
394
394
394
394
394
398
398
398
398
398
402
402
402
402
402
398
398
398
398
398
398
381
381
381
381
381
394
394
394
394
394
372
372
372
372
372
372
371
371
371
371
371
357
357
357
357
357
338
338
338
338
338
338
345
345
345
345
345
347
347
347
347
347
344
344
344
344
344
344
347
347
347
347
347
352
352
352
352
352
344
344
344
344
344
344
367
367
367
367
367
378
378
378
378
378
387
387
387
387
387
387
392
392
392
392
392
399
399
399
399
399
406
406
406
406
406
406
405
405
405
405
405
401
401
401
401
401
404
404
404
404
404
404
397
397
397
397
397
409
409
409
409
409
407
407
407
407
407
407
425
425
425
425
425
423
423
423
423
423
421
421
421
421
421
421
439
439
439
439
439
453
453
453
453
453
450
450
450
450
450
450
461
461
461
461
461
440
440
440
440
440
434
434
434
434
434
434
405
405
405
405
405
402
402
402
402
402
391
391
391
391
391
391
392
392
392
392
392
387
387
387
387
387
379
379
379
379
379
379
381
381
381
381
381
373
373
373
373
373
375
375
375
375
375
375
376
376
376
376
376
374
374
374
374
374
385
385
385
385
385
385
383
383
383
383
383
384
384
384
384
384
402
402
402
402
402
402
404
404
404
404
404
417
417
417
417
417
426
426
426
426
426
426
436
436
436
436
436
433
433
433
433
433
452
452
452
452
452
452
447
447
447
447
447
454
454
454
454
454
464
464
464
464
464
464
488
488
488
488
488
489
489
489
489
489
495
495
495
495
495
495
505
505
505
505
505
527
527
527
527
527
511
511
511
511
511
511
500
500
500
500
500
482
482
482
482
482
466
466
466
466
466
466
453
453
453
453
453
418
418
418
418
418
421
421
421
421
421
421
399
399
399
399
399
397
397
397
397
397
384
384
384
384
384
384
367
367
367
367
367
375
375
375
375
375
368
368
368
368
368
368
378
378
378
378
378
403
403
403
403
403
388
388
388
388
388
388
411
411
411
411
411
422
422
422
422
422
421
421
421
421
421
421
433
433
433
433
433
442
442
442
442
442
429
429
429
429
429
429
418
418
418
418
418
415
415
415
415
415
393
393
393
393
393
393
392
392
392
392
392
391
391
391
391
391
400
400
400
400
400
400
412
412
412
412
412
420
420
420
420
420
427
427
427
427
427
427
445
445
445
445
445
480
480
480
480
480
476
476
476
476
476
476
504
504
504
504
504
464
464
464
464
464
462
462
462
462
462
462
451
451
451
451
451
444
444
444
444
444
438
438
438
438
438
438
438
438
438
438
438
449
449
449
449
449
438
438
438
438
438
438
428
428
428
428
428
444
444
444
444
444
448
448
448
448
448
448
443
443
443
443
443
449
449
449
449
449
433
433
433
433
433
433
446
446
446
446
446
413
413
413
413
413
413
413
413
413
413
413
396
396
396
396
396
399
399
399
399
399
402
402
402
402
402
402
408
408
408
408
408
417
417
417
417
417
436
436
436
436
436
436
452
452
452
452
452
450
450
450
450
450
468
468
468
468
468
468
476
476
476
476
476
464
464
464
464
464
467
467
467
467
467
467
461
461
461
461
461
462
462
462
462
462
458
458
458
458
458
458
453
453
453
453
453
464
464
464
464
464
460
460
460
460
460
460
460
460
460
460
460
460
460
460
460
460
445
445
445
445
445
445
442
442
442
442
442
427
427
427
427
427
429
429
429
429
429
429
418
418
418
418
418
395
395
395
395
395
394
394
394
394
394
394
404
404
404
404
404
393
393
393
393
393
398
398
398
398
398
398
403
403
403
403
403
402
402
402
402
402
410
410
410
410
410
410
409
409
409
409
409
403
403
403
403
403
408
408
408
408
408
408
422
422
422
422
422
407
407
407
407
407
408
408
408
408
408
408
404
404
404
404
404
401
401
401
401
401
407
407
407
407
407
407
413
413
413
413
413
400
400
400
400
400
428
428
428
428
428
428
431
431
431
431
431
436
436
436
436
436
436
436
436
436
436
436
432
432
432
432
432
420
420
420
420
420
413
413
413
413
413
413
410
410
410
410
410
390
390
390
390
390
397
397
397
397
397
397
397
397
397
397
397
403
403
403
403
403
401
401
401
401
401
401
416
416
416
416
416
385
385
385
385
385
397
397
397
397
397
397
389
389
389
389
389
377
377
377
377
377
390
390
390
390
390
390
404
404
404
404
404
378
378
378
378
378
391
391
391
391
391
391
394
394
394
394
394
394
394
394
394
394
387
387
387
387
387
387
392
392
392
392
392
400
400
400
400
400
406
406
406
406
406
406
391
391
391
391
391
394
394
394
394
394
388
388
388
388
388
388
383
383
383
383
383
390
390
390
390
390
398
398
398
398
398
398
401
401
401
401
401
411
411
411
411
411
401
401
401
401
401
401
414
414
414
414
414
414
414
414
414
414
394
394
394
394
394
394
404
404
404
404
404
400
400
400
400
400
397
397
397
397
397
397
396
396
396
396
396
387
387
387
387
387
391
391
391
391
391
391
377
377
377
377
377
372
372
372
372
372
401
401
401
401
401
401
404
404
404
404
404
427
427
427
427
427
435
435
435
435
435
435
435
435
435
435
435
436
436
436
436
436
436
436
436
436
436
436
418
418
418
418
418
432
432
432
432
432
403
403
403
403
403
403
404
404
404
404
404
412
412
412
412
412
402
402
402
402
402
402
415
415
415
415
415
411
411
411
411
411
421
421
421
421
421
421
418
418
418
418
418
421
421
421
421
421
413
413
413
413
413
413
411
411
411
411
411
412
412
412
412
412
404
404
404
404
404
404
412
412
412
412
412
420
420
420
420
420
412
412
412
412
412
412
404
404
404
404
404
409
409
409
409
409
414
414
414
414
414
414
402
402
402
402
402
386
386
386
386
386
403
403
403
403
403
403
411
411
411
411
411
401
401
401
401
401
405
405
405
405
405
405
408
408
408
408
408
416
416
416
416
416
412
412
412
412
412
412
429
429
429
429
429
422
422
422
422
422
430
430
430
430
430
430
435
435
435
435
435
427
427
427
427
427
428
428
428
428
428
428
419
419
419
419
419
403
403
403
403
403
427
427
427
427
427
427
409
409
409
409
409
399
399
399
399
399
391
391
391
391
391
391
392
392
392
392
392
390
390
390
390
390
402
402
402
402
402
402
394
394
394
394
394
402
402
402
402
402
390
390
390
390
390
390
384
384
384
384
384
395
395
395
395
395
393
393
393
393
393
393
385
385
385
385
385
389
389
389
389