705
705
705
705
705
693
693
693
693
693
693
703
703
703
703
703
704
704
704
704
704
735
735
735
735
735
735
774
774
774
774
774
823
823
823
823
823
879
879
879
879
879
879
937
937
937
937
937
987
987
987
987
987
1043
1043
1043
1043
1043
1043
1065
1065
1065
1065
1065
1037
1037
1037
1037
1037
1034
1034
1034
1034
1034
1034
979
979
979
979
979
936
936
936
936
936
886
886
886
886
886
886
859
859
859
859
859
857
857
857
857
857
874
874
874
874
874
874
902
902
902
902
902
931
931
931
931
972
972
972
972
972
972
1024
1024
1024
1024
1024
1054
1054
1054
1054
1054
1086
1086
1086
1086
1086
1086
1090
1090
1090
1090
1090
1125
1125
1125
1125
1125
1130
1130
1130
1130
1130
1130
1157
1157
1157
1157
1157
1174
1174
1174
1174
1174
1190
1190
1190
1190
1190
1190
1218
1218
1218
1218
1218
1210
1210
1210
1210
1210
1196
1196
1196
1196
1196
1196
1179
1179
1179
1179
1179
1116
1116
1116
1116
1116
1050
1050
1050
1050
1050
1050
944
944
944
944
944
838
838
838
838
838
725
725
725
725
725
725
657
657
657
657
657
591
591
591
591
591
575
575
575
575
575
575
560
560
560
560
560
601
601
601
601
601
647
647
647
647
647
647
732
732
732
732
732
821
821
821
821
821
911
911
911
911
911
911
1009
1009
1009
1009
1009
1102
1102
1102
1102
1102
1165
1165
1165
1165
1165
1165
1228
1228
1228
1228
1228
1285
1285
1285
1285
1285
1370
1370
1370
1370
1370
1370
1456
1456
1456
1456
1456
1593
1593
1593
1593
1593
1748
1748
1748
1748
1748
1748
1941
1941
1941
1941
1941
2113
2113
2113
2113
2113
2260
2260
2260
2260
2260
2260
2368
2368
2368
2368
2368
2438
2438
2438
2438
2438
2447
2447
2447
2447
2447
2447
2413
2413
2413
2413
2413
2349
2349
2349
2349
2349
2233
2233
2233
2233
2233
2233
2091
2091
2091
2091
2091
1910
1910
1910
1910
1910
1679
1679
1679
1679
1679
1679
1410
1410
1410
1410
1410
1149
1149
1149
1149
1149
912
912
912
912
912
912
715
715
715
715
715
571
571
571
571
571
482
482
482
482
482
482
451
451
451
451
451
453
453
453
453
453
482
482
482
482
482
482
534
534
534
534
534
585
585
585
585
585
648
648
648
648
648
648
689
689
689
689
689
669
669
669
669
669
636
636
636
636
636
636
562
562
562
562
562
474
474
474
474
474
389
389
389
389
389
389
315
315
315
315
315
255
255
255
255
255
232
232
232
232
232
232
230
230
230
230
230
268
268
268
268
268
347
347
347
347
347
347
498
498
498
498
498
701
701
701
701
701
933
933
933
933
933
933
1127
1127
1127
1127
1127
1249
1249
1249
1249
1249
1289
1289
1289
1289
1289
1289
1275
1275
1275
1275
1275
1239
1239
1239
1239
1239
1174
1174
1174
1174
1174
1174
1138
1138
1138
1138
1138
1149
1149
1149
1149
1149
1201
1201
1201
1201
1201
1201
1268
1268
1268
1268
1268
1350
1350
1350
1350
1350
1362
1362
1362
1362
1362
1362
1307
1307
1307
1307
1307
1190
1190
1190
1190
1190
1004
1004
1004
1004
1004
1004
842
842
842
842
842
681
681
681
681
681
591
591
591
591
591
591
570
570
570
570
570
588
588
588
588
588
638
638
638
638
638
638
737
737
737
737
737
821
821
821
821
821
888
888
888
888
888
888
928
928
928
928
928
966
966
966
966
966
989
989
989
989
989
989
1043
1043
1043
1043
1043
1088
1088
1088
1088
1088
1128
1128
1128
1128
1128
1128
1127
1127
1127
1127
1127
1106
1106
1106
1106
1106
1062
1062
1062
1062
1062
1062
998
998
998
998
998
912
912
912
912
912
835
835
835
835
835
835
762
762
762
762
762
675
675
675
675
675
618
618
618
618
618
618
597
597
597
597
597
619
619
619
619
619
654
654
654
654
654
654
740
740
740
740
740
798
798
798
798
798
857
857
857
857
857
857
878
878
878
878
878
833
833
833
833
833
766
766
766
766
766
766
681
681
681
681
681
620
620
620
620
620
575
575
575
575
575
575
555
555
555
555
555
583
583
583
583
583
634
634
634
634
634
634
708
708
708
708
708
815
815
815
815
815
925
925
925
925
925
925
1016
1016
1016
1016
1016
1103
1103
1103
1103
1103
1121
1121
1121
1121
1121
1121
1118
1118
1118
1118
1118
1061
1061
1061
1061
1061
986
986
986
986
986
986
910
910
910
910
910
844
844
844
844
844
809
809
809
809
809
809
782
782
782
782
782
760
760
760
760
760
768
768
768
768
768
768
766
766
766
766
766
791
791
791
791
791
813
813
813
813
813
813
833
833
833
833
833
858
858
858
858
858
858
858
858
858
858
858
847
847
847
847
847
814
814
814
814
814
755
755
755
755
755
755
693
693
693
693
693
589
589
589
589
589
522
522
522
522
522
522
477
477
477
477
477
461
461
461
461
461
482
482
482
482
482
482
540
540
540
540
540
598
598
598
598
598
674
674
674
674
674
674
777
777
777
777
777
889
889
889
889
889
987
987
987
987
987
987
1085
1085
1085
1085
1085
1153
1153
1153
1153
1153
1188
1188
1188
1188
1188
1188
1247
1247
1247
1247
1247
1310
1310
1310
1310
1310
1359
1359
1359
1359
1359
1359
1416
1416
1416
1416
1416
1445
1445
1445
1445
1445
1398
1398
1398
1398
1398
1398
1352
1352
1352
1352
1352
1242
1242
1242
1242
1242
1133
1133
1133
1133
1133
1133
1029
1029
1029
1029
1029
951
951
951
951
951
900
900
900
900
900
900
885
885
885
885
885
928
928
928
928
928
989
989
989
989
989
989
1037
1037
1037
1037
1037
1068
1068
1068
1068
1068
1021
1021
1021
1021
1021
1021
895
895
895
895
895
738
738
738
738
738
541
541
541
541
541
541
388
388
388
388
388
295
295
295
295
295
266
266
266
266
266
266
300
300
300
300
300
365
365
365
365
365
506
506
506
506
506
506
701
701
701
701
701
924
924
924
924
924
1123
1123
1123
1123
1123
1123
1316
1316
1316
1316
1316
1444
1444
1444
1444
1444
1522
1522
1522
1522
1522
1522
1534
1534
1534
1534
1534
1512
1512
1512
1512
1512
1459
1459
1459
1459
1459
1459
1394
1394
1394
1394
1394
1327
1327
1327
1327
1327
1244
1244
1244
1244
1244
1244
1177
1177
1177
1177
1177
1111
1111
1111
1111
1111
1045
1045
1045
1045
1045
1045
1009
1009
1009
1009
1009
980
980
980
980
980
966
966
966
966
966
966
956
956
956
956
956
952
952
952
952
952
935
935
935
935
935
935
912
912
912
912
912
894
894
894
894
894
855
855
855
855
855
855
809
809
809
809
809
750
750
750
750
750
720
720
720
720
720
720
672
672
672
672
672
652
652
652
652
652
633
633
633
633
633
633
600
600
600
600
600
640
640
640
640
640
678
678
678
678
678
678
772
772
772
772
772
883
883
883
883
883
1014
1014
1014
1014
1014
1014
1111
1111
1111
1111
1111
1189
1189
1189
1189
1189
1214
1214
1214
1214
1214
1214
1189
1189
1189
1189
1189
1127
1127
1127
1127
1127
1049
1049
1049
1049
1049
1049
968
968
968
968
968
878
878
878
878
878
801
801
801
801
801
801
759
759
759
759
759
756
756
756
756
756
761
761
761
761
761
761
814
814
814
814
814
883
883
883
883
883
955
955
955
955
955
955
1053
1053
1053
1053
1053
1125
1125
1125
1125
1125
1178
1178
1178
1178
1178
1178
1205
1205
1205
1205
1205
1220
1220
1220
1220
1220
1178
1178
1178
1178
1178
1178
1121
1121
1121
1121
1121
1034
1034
1034
1034
1034
961
961
961
961
961
961
873
873
873
873
873
823
823
823
823
823
785
785
785
785
785
785
772
772
772
772
772
765
765
765
765
765
762
762
762
762
762
762
769
769
769
769
769
808
808
808
808
808
837
837
837
837
837
837
865
865
865
865
865
927
927
927
927
927
965
965
965
965
965
965
1042
1042
1042
1042
1042
1104
1104
1104
1104
1104
1157
1157
1157
1157
1157
1157
1189
1189
1189
1189
1189
1207
1207
1207
1207
1207
1174
1174
1174
1174
1174
1174
1136
1136
1136
1136
1136
1081
1081
1081
1081
1081
1023
1023
1023
1023
1023
1023
980
980
980
980
980
929
929
929
929
929
909
909
909
909
909
909
880
880
880
880
880
845
845
845
845
845
821
821
821
821
821
821
781
781
781
781
781
782
782
782
782
782
789
789
789
789
789
789
791
791
791
791
791
793
793
793
793
793
817
817
817
817
817
817
833
833
833
833
833
850
850
850
850
850
864
864
864
864
864
864
878
878
878
878
878
908
908
908
908
908
926
926
926
926
926
926
950
950
950
950
950
990
990
990
990
990
1015
1015
1015
1015
1015
1015
1057
1057
1057
1057
1057
1051
1051
1051
1051
1051
1046
1046
1046
1046
1046
1046
1018
1018
1018
1018
1018
989
989
989
989
989
954
954
954
954
954
954
921
921
921
921
921
896
896
896
896
896
872
872
872
872
872
872
881
881
881
881
881
921
921
921
921
921
960
960
960
960
960
960
1015
1015
1015
1015
1015
1049
1049
1049
1049
1049
1099
1099
1099
1099
1099
1099
1111
1111
1111
1111
1111
1111
1111
1111
1111
1111
1103
1103
1103
1103
1103
1103
1054
1054
1054
1054
1054
1006
1006
1006
1006
1006
961
961
961
961
961
961
906
906
906
906
906
878
878
878
878
878
856
856
856
856
856
856
840
840
840
840
840
824
824
824
824
824
825
825
825
825
825
825
819
819
819
819
819
810
810
810
810
810
846
846
846
846
846
846
863
863
863
863
863
879
879
879
879
879
908
908
908
908
908
908
922
922
922
922
922
940
940
940
940
940
958
958
958
958
958
958
954
954
954
954
954
966
966
966
966
966
941
941
941
941
941
941
937
937
937
937
937
938
938
938
938
938
924
924
924
924
924
924
927
927
927
927
927
903
903
903
903
903
902
902
902
902
902
902
898
898
898
898
898
918
918
918
918
918
913
913
913
913
913
913
930
930
930
930
930
941
941
941
941
941
952
952
952
952
952
952
961
961
961
961
961
973
973
973
973
973
984
984
984
984
984
984
980
980
980
980
980
965
965
965
965
965
952
952
952
952
952
952
947
947
947
947
947
932
932
932
932
932
922
922
922
922
922
922
892
892
892
892
892
882
882
882
882
882
872
872
872
872
872
872
881
881
881
881
881
890
890
890
890
890
913
913
913
913
913
913
950
950
950
950
950
976
976
976
976
976
1014
1014
1014
1014
1014
1014
1029
1029
1029
1029
1029
1040
1040
1040
1040
1040
1023
1023
1023
1023
1023
1023
1007
1007
1007
1007
1007
998
998
998
998
998
965
965
965
965
965
965
954
954
954
954
954
939
939
939
939
939
921
921
921
921
921
921
893
893
893
893
893
883
883
883
883
883
867
867
867
867
867
867
850
850
850
850
850
844
844
844
844
844
840
840
840
840
840
840
854
854
854
854
854
853
853
853
853
853
865
865
865
865
865
865
879
879
879
879
879
899
899
899
899
899
919
919
919
919
919
919
943
943
943
943
943
964
964
964
964
964
990
990
990
990
990
990
1009
1009
1009
1009
1009
1023
1023
1023
1023
1023
1044
1044
1044
1044
1044
1044
1053
1053
1053
1053
1053
1075
1075
1075
1075
1075
1057
1057
1057
1057
1057
1057
1058
1058
1058
1058
1058
1039
1039
1039
1039
1039
1003
1003
1003
1003
1003
1003
992
992
992
992
992
927
927
927
927
927
909
909
909
909
909
909
870
870
870
870
870
843
843
843
843
843
853
853
853
853
853
853
859
859
859
859
859
877
877
877
877
877
883
883
883
883
883
883
910
910
910
910
910
947
947
947
947
947
957
957
957
957
957
957
953
953
953
953
953
971
971
971
971
971
974
974
974
974
974
974
960
960
960
960
960
970
970
970
970
970
977
977
977
977
977
977
983
983
983
983
983
979
979
979
979
979
958
958
958
958
958
958
941
941
941
941
941
937
937
937
937
937
915
915
915
915
915
915
908
908
908
908
908
903
903
903
903
903
897
897
897
897
897
897
909
909
909
909
909
911
911
911
911
911
918
918
918
918
918
918
921
921
921
921
921
919
919
919
919
919
924
924
924
924
924
924
914
914
914
914
914
923
923
923
923
923
941
941
941
941
941
941
962
962
962
962
962
985
985
985
985
985
1005
1005
1005
1005
1005
1005
1035
1035
1035
1035
1035
1037
1037
1037
1037
1037
1056
1056
1056
1056
1056
1056
1045
1045
1045
1045
1045
1039
1039
1039
1039
1039
1038
1038
1038
1038
1038
1038
1011
1011
1011
1011
1011
1000
1000
1000
1000
1000
1015
1015
1015
1015
1015
1015
997
997
997
997
997
999
999
999
999
999
972
972
972
972
972
972
949
949
949
949
949
940
940
940
940
940
928
928
928
928
928
928
939
939
939
939
939
941
941
941
941
941
940
940
940
940
940
940
962
962
962
962
962
991
991
991
991
991
1035
1035
1035
1035
1035
1035
1083
1083
1083
1083
1083
1117
1117
1117
1117
1117
1142
1142
1142
1142
1142
1142
1155
1155
1155
1155
1155
1147
1147
1147
1147
1147
1140
1140
1140
1140
1140
1140
1114
1114
1114
1114
1114
1078
1078
1078
1078
1078
1028
1028
1028
1028
1028
1028
991
991
991
991
991
960
960
960
960
960
954
954
954
954
954
954
954
954
954
954
954
950
950
950
950
950
951
951
951
951
951
951
969
969
969
969
969
973
973
973
973
973
998
998
998
998
998
998
994
994
994
994
994
1001
1001
1001
1001
1001
988
988
988
988
988
988
978
978
978
978
978
967
967
967
967
967
940
940
940
940
940
940
943
943
943
943
943
915
915
915
915
915
917
917
917
917
917
917
919
919
919
919
919
947
947
947
947
947
978
978
978
978
978
978
992
992
992
992
992
1007
1007
1007
1007
1007
1027
1027
1027
1027
1027
1027
1015
1015
1015
1015
1015
1015
1015
1015
1015
1015
990
990
990
990
990
990
970
970
970
970
970
952
952
952
952
952
933
933
933
933
933
933
936
936
936
936
936
948
948
948
948
948
939
939
939
939
939
939
965
965
965
965
965
985
985
985
985
985
973
973
973
973
973
973
988
988
988
988
988
987
987
987
987
987
966
966
966
966
966
966
942
942
942
942
942
935
935
935
935
935
910
910
910
910
910
910
898
898
898
898
898
900
900
900
900
900
899
899
899
899
899
899
887
887
887
887
887
896
896
896
896
896
897
897
897
897
897
897
897
897
897
897
897
912
912
912
912
912
905
905
905
905
905
905
901
901
901
901
901
901
901
901
901
901
900
900
900
900
900
900
903
903
903
903
903
910
910
910
910
910
937
937
937
937
937
937
944
944
944
944
944
965
965
965
965
965
981
981
981
981
981
981
984
984
984
984
984
968
968
968
968
968
964
964
964
964
964
964
942
942
942
942
942
949
949
949
949
949
949
949
949
949
949
949
959
959
959
959
959
959
959
959
959
959
972
972
972
972
972
972
981
981
981
981
981
985
985
985
985
985
994
994
994
994
994
994
1007
1007
1007
1007
1007
1012
1012
1012
1012
1012
1033
1033
1033
1033
1033
1033
1012
1012
1012
1012
1012
1018
1018
1018
1018
1018
1015
1015
1015
1015
1015
1015
1012
1012
1012
1012
1012
1013
1013
1013
1013
1013
998
998
998
998
998
998
970
970
970
970
970
947
947
947
947
947
935
935
935
935
935
935
920
920
920
920
920
942
942
942
942
942
945
945
945
945
945
945
969
969
969
969
969
980
980
980
980
980
997
997
997
997
997
997
1015
1015
1015
1015
1015
1013
1013
1013
1013
1013
1020
1020
1020
1020
1020
1020
1015
1015
1015
1015
1015
1012
1012
1012
1012
1012
1004
1004
1004
1004
1004
1004
990
990
990
990
990
966
966
966
966
966
962
962
962
962
962
962
965
965
965
965
965
987
987
987
987
987
988
988
988
988
988
988
1002
1002
1002
1002
1002
1024
1024
1024
1024
1024
1032
1032
1032
1032
1032
1032
1039
1039
1039
1039
1039
1039
1039
1039
1039
1039
1031
1031
1031
1031
1031
1031
1034
1034
1034
1034
1034
1031
1031
1031
1031
1031
1051
1051
1051
1051
1051
1051
1034
1034
1034
1034
1034
1051
1051
1051
1051
1051
1058
1058
1058
1058
1058
1058
1045
1045
1045
1045
1045
1022
1022
1022
1022
1022
1012
1012
1012
1012
1012
1012
1039
1039
1039
1039
1039
1013
1013
1013
1013
1013
1008
1008
1008
1008
1008
1008
1016
1016
1016
1016
1016
1027
1027
1027
1027
1027
1036
1036
1036
1036
1036
1036
1050
1050
1050
1050
1050
1045
1045
1045
1045
1045
1015
1015
1015
1015
1015
1015
1009
1009
1009
1009
1009
978
978
978
978
978
959
959
959
959
959
959
952
952
952
952
952
949
949
949
949
949
954
954
954
954
954
954
963
963
963
963
963
989
989
989
989
989
1012
1012
1012
1012
1012
1012
1039
1039
1039
1039
1039
1042
1042
1042
1042
1042
1063
1063
1063
1063
1063
1063
1068
1068
1068
1068
1068
1065
1065
1065
1065
1089
1089
1089
1089
1089
1089
1079
1079
1079
1079
1079
1068
1068
1068
1068
1068
1068
1068
1068
1068
1068
1068
1060
1060
1060
1060
1060
1086
1086
1086
1086
1086
1088
1088
1088
1088
1088
1088
1082
1082
1082
1082
1082
1080
1080
1080
1080
1080
1058
1058
1058
1058
1058
1058
1056
1056
1056
1056
1056
1045
1045
1045
1045
1045
1042
1042
1042
1042
1042
1042
1039
1039
1039
1039
1039
1030
1030
1030
1030
1030
1020
1020
1020
1020
1020
1020
1022
1022
1022
1022
1022
1003
1003
1003
1003
1003
1024
1024
1024
1024
1024
1024
1016
1016
1016
1016
1016
997
997
997
997
997
996
996
996
996
996
996
982
982
982
982
982
986
986
986
986
986
986
986
986
986
986
986
981
981
981
981
981
980
980
980
980
980
969
969
969
969
969
969
968
968
968
968
968
959
959
959
959
959
950
950
950
950
950
950
954
954
954
954
954
959
959
959
959
959
961
961
961
961
961
961
966
966
966
966
966
982
982
982
982
982
993
993
993
993
993
993
994
994
994
994
994
1003
1003
1003
1003
1003
986
986
986
986
986
986
990
990
990
990
990
984
984
984
984
984
979
979
979
979
979
979
982
982
982
982
982
978
978
978
978
978
977
977
977
977
977
977
974
974
974
974
974
983
983
983
983
983
978
978
978
978
978
978
988
988
988
988
988
986
986
986
986
986
979
979
979
979
979
979
989
989
989
989
989
992
992
992
992
992
982
982
982
982
982
982
977
977
977
977
977
974
974
974
974
974
952
952
952
952
952
952
953
953
953
953
953
950
950
950
950
950
947
947
947
947
947
947
941
941
941
941
941
945
945
945
945
945
941
941
941
941
941
941
938
938
938
938
938
924
924
924
924
924
911
911
911
911
911
911
890
890
890
890
890
878
878
878
878
878
871
871
871
871
871
871
857
857
857
857
857
856
856
856
856
856
850
850
850
850
850
850
862
862
862
862
862
886
886
886
886
886
891
891
891
891
891
891
905
905
905
905
905
918
918
918
918
918
914
914
914
914
914
914
913
913
913
913
913
908
908
908
908
908
898
898
898
898
898
898
890
890
890
890
890
883
883
883
883
883
891
891
891
891
891
891
878
878
878
878
878
896
896
896
896
896
911
911
911
911
911
911
931
931
931
931
931
956
956
956
956
956
980
980
980
980
980
980
1001
1001
1001
1001
1001
993
993
993
993
993
999
999
999
999
999
999
987
987
987
987
987
967
967
967
967
967
947
947
947
947
947
947
928
928
928
928
928
925
925
925
925
925
912
912
912
912
912
912
911
911
911
911
911
925
925
925
925
925
940
940
940
940
940
940
947
947
947
947
947
959
959
959
959
959
964
964
964
964
964
964
962
962
962
962
962
948
948
948
948
948
931
931
931
931
931
931
907
907
907
907
907
884
884
884
884
884
872
872
872
872
872
872
865
865
865
865
865
861
861
861
861
861
881
881
881
881
881
881
895
895
895
895
895
908
908
908
908
908
913
913
913
913
913
913
915
915
915
915
915
923
923
923
923
923
904
904
904
904
904
904
899
899
899
899
899
894
894
894
894
894
879
879
879
879
879
879
851
851
851
851
851
858
858
858
858
858
853
853
853
853
853
853
865
865
865
865
865
866
866
866
866
866
884
884
884
884
884
884
872
872
872
872
872
875
875
875
875
875
866
866
866
866
866
866
856
856
856
856
856
847
847
847
847
847
840
840
840
840
840
840
826
826
826
826
826
815
815
815
815
815
800
800
800
800
800
800
804
804
804
804
804
811
811
811
811
811
832
832
832
832
832
832
853
853
853
853
853
864
864
864
864
864
889
889
889
889
889
889
909
909
909
909
909
927
927
927
927
927
945
945
945
945
945
945
954
954
954
954
954
973
973
973
973
973
975
975
975
975
975
975
980
980
980
980
980
982
982
982
982
982
976
976
976
976
976
976
982
982
982
982
982
959
959
959
959
959
956
956
956
956
956
956
936
936
936
936
936
912
912
912
912
912
897
897
897
897
897
897
881
881
881
881
881
880
880
880
880
880
865
865
865
865
865
865
860
860
860
860
860
849
849
849
849
849
840
840
840
840
840
840
832
832
832
832
832
840
840
840
840
840
833
833
833
833
833
833
828
828
828
828
828
831
831
831
831
831
833
833
833
833
833
833
854
854
854
854
854
866
866
866
866
866
894
894
894
894
894
894
901
901
901
901
901
923
923
923
923
923
922
922
922
922
922
922
924
924
924
924
924
917
917
917
917
917
898
898
898
898
898
898
898
898
898
898
898
905
905
905
905
905
911
911
911
911
911
911
900
900
900
900
900
921
921
921
921
921
927
927
927
927
927
927
924
924
924
924
924
936
936
936
936
936
937
937
937
937
937
937
922
922
922
922
922
920
920
920
920
920
904
904
904
904
904
904
891
891
891
891
891
859
859
859
859
859
822
822
822
822
822
822
788
788
788
788
788
751
751
751
751
751
718
718
718
718
718
718
678
678
678
678
678
633
633
633
633
633
609
609
609
609
609
609
598
598
598
598
598
597
597
597
597
597
607
607
607
607
607
607
625
625
625
625
625
636
636
636
636
636
662
662
662
662
662
662
698
698
698
698
698
726
726
726
726
726
758
758
758
758
758
758
806
806
806
806
806
848
848
848
848
848
887
887
887
887
887
887
923
923
923
923
923
949
949
949
949
949
969
969
969
969
969
969
1002
1002
1002
1002
1002
999
999
999
999
999
1016
1016
1016
1016
1016
1016
1018
1018
1018
1018
1018
1031
1031
1031
1031
1031
1025
1025
1025
1025
1025
1025
1025
1025
1025
1025
1025
1043
1043
1043
1043
1043
1040
1040
1040
1040
1040
1040
1050
1050
1050
1050
1050
1039
1039
1039
1039
1039
1027
1027
1027
1027
1027
1027
1005
1005
1005
1005
1005
992
992
992
992
992
959
959
959
959
959
959
937
937
937
937
937
915
915
915
915
915
903
903
903
903
903
903
878
878
878
878
878
884
884
884
884
884
891
891
891
891
891
891
923
923
923
923
923
952
952
952
952
952
995
995
995
995
995
995
1061
1061
1061
1061
1061
1126
1126
1126
1126
1126
1213
1213
1213
1213
1213
1213
1282
1282
1282
1282
1282
1332
1332
1332
1332
1332
1396
1396
1396
1396
1396
1396
1411
1411
1411
1411
1411
1446
1446
1446
1446
1446
1445
1445
1445
1445
1445
1445
1446
1446
1446
1446
1446
1414
1414
1414
1414
1414
1408
1408
1408
1408
1408
1408
1359
1359
1359
1359
1359
1305
1305
1305
1305
1305
1272
1272
1272
1272
1272
1272
1232
1232
1232
1232
1232
1195
1195
1195
1195
1195
1175
1175
1175
1175
1175
1175
1155
1155
1155
1155
1155
1127
1127
1127
1127
1127
1108
1108
1108
1108
1108
1108
1065
1065
1065
1065
1065
1036
1036
1036
1036
1036
967
967
967
967
967
967
937
937
937
937
937
860
860
860
860
860
813
813
813
813
813
813
789
789
789
789
789
736
736
736
736
736
724
724
724
724
724
724
719
719
719
719
719
718
718
718
718
718
716
716
716
716
716
716
719
719
719
719
719
724
724
724
724
724
736
736
736
736
736
736
756
756
756
756
756
765
765
765
765
765
808
808
808
808
808
808
832
832
832
832
832
874
874
874
874
874
925
925
925
925
925
925
964
964
964
964
964
1013
1013
1013
1013
1013
1057
1057
1057
1057
1057
1057
1066
1066
1066
1066
1066
1087
1087
1087
1087
1087
1112
1112
1112
1112
1112
1112
1119
1119
1119
1119
1119
1134
1134
1134
1134
1134
1146
1146
1146
1146
1146
1146
1158
1158
1158
1158
1158
1149
1149
1149
1149
1149
1118
1118
1118
1118
1118
1118
1103
1103
1103
1103
1103
1087
1087
1087
1087
1087
1036
1036
1036
1036
1036
1036
1015
1015
1015
1015
1015
1001
1001
1001
1001
1001
994
994
994
994
994
994
1006
1006
1006
1006
1006
1014
1014
1014
1014
1014
1027
1027
1027
1027
1027
1027
1058
1058
1058
1058
1058
1067
1067
1067
1067
1067
1064