412
412
425
425
425
425
425
418
418
418
418
418
431
431
431
431
431
431
403
403
403
403
403
428
428
428
428
428
411
411
411
411
411
411
428
428
428
428
428
401
401
401
401
401
421
421
421
421
421
421
415
415
415
415
415
411
411
411
411
411
419
419
419
419
419
419
414
414
414
414
414
424
424
424
424
424
411
411
411
411
411
411
406
406
406
406
406
418
418
418
418
418
407
407
407
407
407
407
424
424
424
424
424
392
392
392
392
392
433
433
433
433
433
433
416
416
416
416
416
413
413
413
413
413
415
415
415
415
415
415
418
418
418
418
418
418
418
418
418
418
423
423
423
423
423
423
436
436
436
436
436
414
414
414
414
414
425
425
425
425
425
425
399
399
399
399
399
425
425
425
425
425
400
400
400
400
400
400
409
409
409
409
409
440
440
440
440
440
406
406
406
406
406
406
408
408
408
408
408
421
421
421
421
421
407
407
407
407
407
407
447
447
447
447
447
397
397
397
397
397
440
440
440
440
440
440
415
415
415
415
415
426
426
426
426
426
415
415
415
415
415
415
409
409
409
409
409
420
420
420
420
420
430
430
430
430
430
430
416
416
416
416
416
411
411
411
411
411
414
414
414
414
414
414
418
418
418
418
418
418
418
418
418
418
417
417
417
417
417
417
425
425
425
425
425
425
425
425
425
425
415
415
415
415
415
415
405
405
405
405
405
420
420
420
420
420
413
413
413
413
413
413
414
414
414
414
414
416
416
416
416
416
420
420
420
420
420
420
429
429
429
429
429
428
428
428
428
428
423
423
423
423
423
423
412
412
412
412
412
432
432
432
432
432
410
410
410
410
410
410
419
419
419
419
419
443
443
443
443
443
401
401
401
401
401
401
415
415
415
415
415
401
401
401
401
401
414
414
414
414
414
414
415
415
415
415
415
417
417
417
417
417
411
411
411
411
411
411
412
412
412
412
412
406
406
406
406
406
393
393
393
393
393
393
404
404
404
404
404
395
395
395
395
395
387
387
387
387
387
387
399
399
399
399
399
387
387
387
387
387
408
408
408
408
408
408
396
396
396
396
396
404
404
404
404
404
424
424
424
424
424
424
425
425
425
425
425
406
406
406
406
406
438
438
438
438
438
438
427
427
427
427
427
432
432
432
432
432
420
420
420
420
420
420
431
431
431
431
431
420
420
420
420
420
416
416
416
416
416
416
414
414
414
414
414
417
417
417
417
417
408
408
408
408
408
408
423
423
423
423
423
413
413
413
413
413
421
421
421
421
421
421
415
415
415
415
415
407
407
407
407
407
433
433
433
433
433
433
402
402
402
402
402
414
414
414
414
414
403
403
403
403
403
403
400
400
400
400
400
420
420
420
420
420
415
415
415
415
415
415
406
406
406
406
406
411
411
411
411
411
407
407
407
407
407
407
406
406
406
406
406
404
404
404
404
404
430
430
430
430
430
430
413
413
413
413
413
421
421
421
421
421
408
408
408
408
408
408
397
397
397
397
397
416
416
416
416
416
413
413
413
413
413
413
406
406
406
406
406
399
399
399
399
399
418
418
418
418
418
418
405
405
405
405
405
414
414
414
414
414
410
410
410
410
410
410
403
403
403
403
403
414
414
414
414
414
402
402
402
402
402
402
411
411
411
411
411
413
413
413
413
413
409
409
409
409
409
409
408
408
408
408
408
418
418
418
418
418
415
415
415
415
415
415
419
419
419
419
419
416
416
416
416
416
430
430
430
430
430
430
422
422
422
422
422
425
425
425
425
425
410
410
410
410
410
410
418
418
418
418
418
426
426
426
426
426
416
416
416
416
416
416
408
408
408
408
408
395
395
395
395
395
417
417
417
417
417
417
419
419
419
419
419
404
404
404
404
404
419
419
419
419
419
419
425
425
425
425
425
422
422
422
422
422
423
423
423
423
423
423
433
433
433
433
433
419
419
419
419
419
418
418
418
418
418
418
423
423
423
423
423
405
405
405
405
405
422
422
422
422
422
422
417
417
417
417
417
405
405
405
405
405
407
407
407
407
407
407
407
407
407
407
407
404
404
404
404
404
407
407
407
407
407
407
407
407
407
407
407
412
412
412
412
412
407
407
407
407
407
407
398
398
398
398
398
409
409
409
409
409
414
414
414
414
414
414
399
399
399
399
399
418
418
418
418
418
409
409
409
409
409
409
416
416
416
416
416
417
417
417
417
417
417
417
417
417
417
417
428
428
428
428
428
429
429
429
429
429
413
413
413
413
413
413
420
420
420
420
420
422
422
422
422
422
416
416
416
416
416
416
424
424
424
424
424
415
415
415
415
415
402
402
402
402
402
402
405
405
405
405
405
407
407
407
407
407
405
405
405
405
405
405
411
411
411
411
411
417
417
417
417
417
426
426
426
426
426
426
414
414
414
414
414
416
416
416
416
416
425
425
425
425
425
425
427
427
427
427
427
426
426
426
426
426
416
416
416
416
416
416
431
431
431
431
431
422
422
422
422
422
409
409
409
409
409
409
411
411
411
411
411
410
410
410
410
410
419
419
419
419
419
419
427
427
427
427
427
418
418
418
418
418
422
422
422
422
422
422
425
425
425
425
425
416
416
416
416
416
432
432
432
432
432
432
426
426
426
426
426
426
426
426
426
426
424
424
424
424
424
424
414
414
414
414
414
423
423
423
423
423
421
421
421
421
421
421
420
420
420
420
420
420
420
420
420
420
432
432
432
432
432
432
437
437
437
437
437
428
428
428
428
428
427
427
427
427
427
427
411
411
411
411
411
429
429
429
429
429
415
415
415
415
415
415
420
420
420
420
420
414
414
414
414
414
413
413
413
413
413
413
413
413
413
413
413
424
424
424
424
424
441
441
441
441
441
441
433
433
433
433
433
432
432
432
432
432
437
437
437
437
437
437
444
444
444
444
444
454
454
454
454
454
441
441
441
441
441
441
430
430
430
430
430
429
429
429
429
429
420
420
420
420
420
420
407
407
407
407
407
407
407
407
407
407
409
409
409
409
409
409
411
411
411
411
411
409
409
409
409
409
406
406
406
406
406
406
417
417
417
417
417
429
429
429
429
429
424
424
424
424
424
424
423
423
423
423
423
428
428
428
428
428
436
436
436
436
436
436
429
429
429
429
429
431
431
431
431
431
429
429
429
429
429
429
417
417
417
417
417
409
409
409
409
409
416
416
416
416
416
416
417
417
417
417
417
406
406
406
406
406
402
402
402
402
402
402
407
407
407
407
407
406
406
406
406
406
405
405
405
405
405
405
415
415
415
415
415
414
414
414
414
414
407
407
407
407
407
407
405
405
405
405
405
408
408
408
408
408
392
392
392
392
392
392
392
392
392
392
392
393
393
393
393
393
386
386
386
386
386
386
390
390
390
390
390
379
379
379
379
379
384
384
384
384
384
384
369
369
369
369
369
374
374
374
374
374
378
378
378
378
378
378
375
375
375
375
375
380
380
380
380
380
383
383
383
383
383
383
362
362
362
362
362
367
367
367
367
367
350
350
350
350
350
350
342
342
342
342
342
337
337
337
337
337
329
329
329
329
329
329
318
318
318
318
318
312
312
312
312
312
319
319
319
319
319
319
317
317
317
317
317
318
318
318
318
318
308
308
308
308
308
308
317
317
317
317
317
322
322
322
322
322
318
318
318
318
318
318
355
355
355
355
355
405
405
405
405
405
502
502
502
502
502
502
781
781
781
781
781
1074
1074
1074
1074
1074
1147
1147
1147
1147
1147
1147
1027
1027
1027
1027
1027
760
760
760
760
760
507
507
507
507
507
507
406
406
406
406
406
355
355
355
355
355
335
335
335
335
335
335
334
334
334
334
334
333
333
333
333
333
333
333
333
333
333
333
349
349
349
349
349
375
375
375
375
375
420
420
420
420
420
420
487
487
487
487
487
713
713
713
713
713
1065
1065
1065
1065
1065
1065
1370
1370
1370
1370
1370
1652
1652
1652
1652
1652
1831
1831
1831
1831
1831
1831
1889
1889
1889
1889
1889
1841
1841
1841
1841
1841
1634
1634
1634
1634
1634
1634
1269
1269
1269
1269
1269
842
842
842
842
842
498
498
498
498
498
498
397
397
397
397
397
358
358
358
358
358
348
348
348
348
348
348
341
341
341
341
341
341
341
341
341
341
339
339
339
339
339
339
365
365
365
365
365
421
421
421
421
421
539
539
539
539
539
539
860
860
860
860
860
1109
1109
1109
1109
1109
1327
1327
1327
1327
1327
1327
1369
1369
1369
1369
1369
1298
1298
1298
1298
1298
1094
1094
1094
1094
1094
1094
888
888
888
888
888
675
675
675
675
675
529
529
529
529
529
529
498
498
498
498
498
471
471
471
471
471
529
529
529
529
529
529
646
646
646
646
646
845
845
845
845
845
1119
1119
1119
1119
1119
1119
1393
1393
1393
1393
1393
1635
1635
1635
1635
1635
1778
1778
1778
1778
1778
1778
1817
1817
1817
1817
1817
1755
1755
1755
1755
1755
1571
1571
1571
1571
1571
1571
1356
1356
1356
1356
1356
1060
1060
1060
1060
1060
834
834
834
834
834
834
604
604
604
604
604
508
508
508
508
508
448
448
448
448
448
448
445
445
445
445
445
442
442
442
442
442
435
435
435
435
435
435
451
451
451
451
451
473
473
473
473
473
490
490
490
490
490
490
510
510
510
510
510
499
499
499
499
499
478
478
478
478
478
478
464
464
464
464
464
431
431
431
431
431
404
404
404
404
404
404
360
360
360
360
360
353
353
353
353
353
351
351
351
351
351
351
335
335
335
335
335
339
339
339
339
339
333
333
333
333
333
333
329
329
329
329
329
355
355
355
355
355
336
336
336
336
336
336
338
338
338
338
338
352
352
352
352
352
354
354
354
354
354
354
352
352
352
352
352
352
352
352
352
352
352
352
352
352
352
352
348
348
348
348
348
346
346
346
346
346
338
338
338
338
338
338
337
337
337
337
337
330
330
330
330
330
334
334
334
334
334
334
325
325
325
325
325
317
317
317
317
317
316
316
316
316
316
316
325
325
325
325
325
322
322
322
322
322
321
321
321
321
321
321
321
321
321
321
321
319
319
319
319
319
317
317
317
317
317
317
328
328
328
328
328
317
317
317
317
317
327
327
327
327
327
327
328
328
328
328
328
330
330
330
330
330
342
342
342
342
342
342
327
327
327
327
327
344
344
344
344
344
348
348
348
348
348
348
362
362
362
362
362
363
363
363
363
363
366
366
366
366
366
366
376
376
376
376
376
374
374
374
374
374
386
386
386
386
386
386
402
402
402
402
402
402
402
402
402
402
439
439
439
439
439
439
437
437
437
437
437
493
493
493
493
493
565
565
565
565
565
565
642
642
642
642
642
757
757
757
757
757
810
810
810
810
810
810
881
881
881
881
881
849
849
849
849
849
903
903
903
903
903
903
914
914
914
914
914
879
879
879
879
879
890
890
890
890
890
890
897
897
897
897
897
911
911
911
911
911
1001
1001
1001
1001
1001
1001
1054
1054
1054
1054
1054
1096
1096
1096
1096
1096
1123
1123
1123
1123
1123
1123
1235
1235
1235
1235
1235
1295
1295
1295
1295
1295
1361
1361
1361
1361
1361
1361
1388
1388
1388
1388
1388
1413
1413
1413
1413
1413
1362
1362
1362
1362
1362
1362
1300
1300
1300
1300
1300
1226
1226
1226
1226
1226
1032
1032
1032
1032
1032
1032
905
905
905
905
905
739
739
739
739
739
602
602
602
602
602
602
469
469
469
469
469
445
445
445
445
445
421
421
421
421
421
421
412
412
412
412
412
417
417
417
417
417
415
415
415
415
415
415
414
414
414
414
414
424
424
424
424
424
416
416
416
416
416
416
419
419
419
419
419
422
422
422
422
422
399
399
399
399
399
399
391
391
391
391
391
368
368
368
368
368
337
337
337
337
337
337
331
331
331
331
331
332
332
332
332
332
319
319
319
319
319
319
315
315
315
315
315
322
322
322
322
322
316
316
316
316
316
316
338
338
338
338
338
343
343
343
343
343
350
350
350
350
350
350
372
372
372
372
372
370
370
370
370
370
367
367
367
367
367
367
374
374
374
374
374
377
377
377
377
377
364
364
364
364
364
364
364
364
364
364
364
337
337
337
337
337
349
349
349
349
349
349
342
342
342
342
342
338
338
338
338
338
341
341
341
341
341
341
338
338
338
338
338
339
339
339
339
339
340
340
340
340
340
340
344
344
344
344
344
364
364
364
364
364
359
359
359
359
359
359
379
379
379
379
379
389
389
389
389
389
405
405
405
405
405
405
409
409
409
409
409
412
412
412
412
412
424
424
424
424
424
424
422
422
422
422
422
419
419
419
419
419
380
380
380
380
380
380
376
376
376
376
376
373
373
373
373
373
373
373
373
373
373
373
406
406
406
406
406
386
386
386
386
386
399
399
399
399
399
399
406
406
406
406
406
441
441
441
441
441
468
468
468
468
468
468
505
505
505
505
505
533
533
533
533
533
555
555
555
555
555
555
530
530
530
530
530
492
492
492
492
492
458
458
458
458
458
458
438
438
438
438
438
413
413
413
413
413
407
407
407
407
407
407
382
382
382
382
382
399
399
399
399
399
401
401
401
401
401
401
446
446
446
446
446
445
445
445
445
445
478
478
478
478
478
478
527
527
527
527
527
607
607
607
607
607
688
688
688
688
688
688
744
744
744
744
744
774
774
774
774
774
786
786
786
786
786
786
840
840
840
840
840
901
901
901
901
901
941
941
941
941
941
941
995
995
995
995
995
1031
1031
1031
1031
1031
1013
1013
1013
1013
1013
1013
1039
1039
1039
1039
1039
1033
1033
1033
1033
1033
1023
1023
1023
1023
1023
1023
1010
1010
1010
1010
1010
983
983
983
983
983
940
940
940
940
940
940
982
982
982
982
982
901
901
901
901
901
885
885
885
885
885
885
767
767
767
767
767
753
753
753
753
753
621
621
621
621
621
621
591
591
591
591
591
521
521
521
521
521
496
496
496
496
496
496
471
471
471
471
471
447
447
447
447
447
419
419
419
419
419
419
393
393
393
393
393
417
417
417
417
417
420
420
420
420
420
420
412
412
412
412
412
415
415
415
415
415
405
405
405
405
405
405
407
407
407
407
407
415
415
415
415
415
394
394
394
394
394
394
406
406
406
406
406
405
405
405
405
405
387
387
387
387
387
387
389
389
389
389
389
381
381
381
381
381
379
379
379
379
379
379
383
383
383
383
383
376
376
376
376
376
361
361
361
361
361
361
360
360
360
360
360
356
356
356
356
356
358
358
358
358
358
358
365
365
365
354
354
354
354
354
369
369
369
369
369
369
351
351
351
351
351
345
345
345
345
345
350
350
350
350
350
350
346
346
346
346
346
351
351
351
351
351
340
340
340
340
340
340
340
340
340
340
340
346
346
346
346
346
352
352
352
352
352
352
345
345
345
345
345
358
358
358
358
358
359
359
359
359
359
359
359
359
359
359
359
364
364
364
364
364
371
371
371
371
371
371
371
371
371
371
371
378
378
378
378
378
372
372
372
372
372
372
377
377
377
377
377
378
378
378
378
378
394
394
394
394
394
394
412
412
412
412
412
411
411
411
411
411
408
408
408
408
408
408
434
434
434
434
434
420
420
420
420
420
417
417
417
417
417
417
414
414
414
414
414
407
407
407
407
407
428
428
428
428
428
428
397
397
397
397
397
425
425
425
425
425
411
411
411
411
411
411
440
440
440
440
440
453
453
453
453
453
450
450
450
450
450
450
457
457
457
457
457
477
477
477
477
477
486
486
486
486
486
486
508
508
508
508
508
544
544
544
544
544
568
568
568
568
568
568
590
590
590
590
590
632
632
632
632
632
700
700
700
700
700
700
678
678
678
678
678
694
694
694
694
694
631
631
631
631
631
631
608
608
608
608
608
545
545
545
545
545
522
522
522
522
522
522
497
497
497
497
497
465
465
465
465
465
457
457
457
457
457
457
446
446
446
446
446
421
421
421
421
421
440
440
440
440
440
440
403
403
403
403
403
398
398
398
398
398
400
400
400
400
400
400
394
394
394
394
394
385
385
385
385
385
378
378
378
378
378
378
374
374
374
374
374
366
366
366
366
366
369
369
369
369
369
369
364
364
364
364
364
368
368
368
368
368
376
376
376
376
376
376
373
373
373
373
373
386
386
386
386
386
374
374
374
374
374
374
357
357
357
357
357
366
366
366
366
366
362
362
362
362
362
362
366
366
366
366
366
371
371
371
371
371
380
380
380
380
380
380
364
364
364
364
364
366
366
366
366
366
372
372
372
372
372
372
377
377
377
377
377
372
372
372
372
372
374
374
374
374
374
374
372
372
372
372
372
367
367
367
367
367
362
362
362
362
362
362
387
387
387
387
387
361
361
361
361
361
371
371
371
371
371
371
369
369
369
369
369
377
377
377
377
377
365
365
365
365
365
365
390
390
390
390
390
374
374
374
374
374
380
380
380
380
380
380
375
375
375
375
375
374
374
374
374
374
393
393
393
393
393
393
372
372
372
372
372
374
374
374
374
374
371
371
371
371
371
371
380
380
380
380
380
403
403
403
403
403
404
404
404
404
404
404
405
405
405
405
405
425
425
425
425
425
423
423
423
423
423
423
444
444
444
444
444
440
440
440
440
440
444
444
444
444
444
444
441
441
441
441
441
450
450
450
450
450
446
446
446
446
446
446
441
441
441
441
441
459
459
459
459
459
456
456
456
456
456
456
483
483
483
483
483
493
493
493
493
493
490
490
490
490
490
490
492
492
492
492
492
476
476
476
476
476
484
484
484
484
484
484
514
514
514
514
514
498
498
498
498
498
495
495
495
495
495
495
507
507
507
507
507
544
544
544
544
544
544
544
544
544
544
544
572
572
572
572
572
576
576
576
576
576
586
586
586
586
586
586
563
563
563
563
563
576
576
576
576
576
583
583
583
583
583
583
575
575
575
575
575
581
581
581
581
581
553
553
553
553
553
553
535
535
535
535
535
548
548
548
548
548
547
547
547
547
547
547
570
570
570
570
570
547
547
547
547
547
522
522
522
522
522
522
495
495
495
495
495
499
499
499
499
499
470
470
470
470
470
470
463
463
463
463
463
486
486
486
486
486
462
462
462
462
462
462
449
449
449
449
449
453
453
453
453
453
462
462
462
462
462
462
433
433
433
433
433
420
420
420
420
420
419
419
419
419
419
419
412
412
412
412
412
400
400
400
400
400
400
400
400
400
400
400
412
412
412
412
412
410
410
410
410
410
406
406
406
406
406
406
401
401
401
401
401
388
388
388
388
388
388
388
388
388
388
388
399
399
399
399
399
397
397
397
397
397
386
386
386
386
386
386
386
386
386
386
386
387
387
387
387
387
387
387
387
387
387
387
395
395
395
395
395
383
383
383
383
383
394
394
394
394
394
394
381
381
381
381
381
376
376
376
376
376
385
385
385
385
385
385
370
370
370
370
370
394
394
394
394
394
383
383
383
383
383
383
398
398
398
398
398
379
379
379
379
379
401
401
401
401
401
401
381
381
381
381
381
378
378
378
378
378
374
374
374
374
374
374
365
365
365
365
365
371
371
371
371
371
389
389
389
389
389
389
394
394
394
394
394
387
387
387
387
387
390
390
390
390
390
390
395
395
395
395
395
398
398
398
398
398
405
405
405
405
405
405
406
406
406
406
406
401
401
401
401
401
415
415
415
415
415
415
404
404
404
404
404
417
417
417
417
417
415
415
415
415
415
415
441
441
441
441
441
451
451
451
451
451
441
441
441
441
441
441
427
427
427
427
427
442
442
442
442
442
457
457
457
457
457
457
442
442
442
442
442
437
437
437
437
437
438
438
438
438
438
438
444
444
444
444
444
441
441
441
441
441
432
432
432
432
432
432
438
438
438
438
438
456
456
456
456
456
457
457
457
457
457
457
441
441
441
441
441
452
452
452
452
452
464
464
464
464
464
464
464
464
464
464
464
459
459
459
459
459
463
463
463
463
463
463
459
459
459
459
459
474
474
474
474
474
472
472
472
472
472
472
466
466
466
466
466
476
476
476
476
476
472
472
472
472
472
472
458
458
458
458
458
493
493
493
493
493
460
460
460
460
460
460
480
480
480
480
480
460
460
460
460
460
460
460
460
460
460
460
446
446
446
446
446
458
458
458
458
458
456
456
456
456
456
456
429
429
429
429
429
439
439
439
439
439
428
428
428
428
428
428
412
412
412
412
412
413
413
413
413
413
418
418
418
418
418
418
417
417
417
417
417
417
417
417
417
417
414
414
414
414
414
414
405
405
405
405
405
399
399
399
399
399
404
404
404
404
404
404
404
404
404
404
404
404
404
404
404
404
407
407
407
407
407
407
402
402
402
402
402
418
418
418
418
418
406
406
406
406
406
406
422
422
422
422
422
404
404
404
404
404
392
392
392
392
392
392
388
388
388
388
388
398
398
398
398
398
398
398
398
398
398
398
387
387
387
387
387
393
393
393
393
393
367
367
367
367
367
367
371
371
371
371
371
364
364
364
364
364
373
373
373
373
373
373
377
377
377
377
377
385
385
385
385
385
365
365
365
365
365
365
381
381
381
381
381
372
372
372
372
372
374
374
374
374
374
374
380
380
380
380
380
382
382
382
382
382
375
375
375
375
375
375
376
376
376
376
376
388
388
388
388
388
380
380
380
380
380
380
388
388
388
388
388
403
403
403
403
403
416
416
416
416
416
416
402
402
402
402
402
384
384
384
384
384
405
405
405
405
405
405
399
399
399
399
399
394
394
394
394
394
389
389
389
389
389
389
403
403
403
403
403
404
404
404
404
404
413
413
413
413
413
413
405
405
405
405
405
413
413
413
413
413
411
411
411
411
411
411
429
429
429
429
429
423
423
423
423
423
425
425
425
425
425
425
439
439
439
439
439
427
427
427
427
427
441
441
441
441
441
441
432
432
432
432
432
448
448
448
448
448
428
428
428
428
428
428
453
453
453
453
453
465
465
465
465
465
463
463
463
463
463
463
442
442
442
442
442
447
447
447
447
447
437
437
437
437
437
437
435
435
435
435
435
443
443
443
443
443
435
435
435
435
435
435
433
433
433
433
433
424
424
424
424
424
458
458
458
458
458
458
432
432
432
432
432
450
450
450
450
450
441
441
441
441
441
441
442
442
442
442
442
452
452
452
452
452
432
432
432
432
432
432
460
460
460
460
460
451
451
451
451
451
457
457
457
457
457
457
463
463
463
463
463
437
437
437
437
437
433
433
433
433
433
433
416
416
416
416
416
426
426
426
426
426
415
415
415
415
415
415
403
403
403
403
403
400
400
400
400
400
411
411
411
411
411
411
402
402
402
402
402
404
404
404
404
404
396
396
396
396
396
396
374
374
374
374
374
389
389
389
389
389
398
398
398
398
398
398
374
374
374
374
374
392
392
392
392
392
382
382
382
382
382
382
385
385
385
385
385
387
387
387
387
387
387
387
387
387
387
387
376
376
376
376
376
389
389
389
389
389
383
383
383
383
383
383
373
373
373
373
373