217
217
217
217
217
211
211
211
211
211
216
216
216
216
216
216
208
208
208
208
208
215
215
215
215
215
209
209
209
209
209
209
212
212
212
212
212
217
217
217
217
217
224
224
224
224
224
224
217
217
217
217
217
216
216
216
216
216
222
222
222
222
222
222
210
210
210
210
210
209
209
209
209
209
222
222
222
222
222
222
212
212
212
212
212
216
216
216
216
216
220
220
220
220
220
220
217
217
217
217
217
221
221
221
221
221
210
210
210
210
210
210
218
218
218
218
218
212
212
212
212
212
225
225
225
225
225
225
213
213
213
213
213
219
219
219
219
219
216
216
216
216
216
216
212
212
212
212
212
228
228
228
228
228
217
217
217
217
217
217
222
222
222
222
222
215
215
215
215
215
215
215
215
215
215
215
209
209
209
209
209
226
226
226
226
226
212
212
212
212
212
212
216
216
216
216
216
205
205
205
205
205
210
210
210
210
210
210
213
213
213
213
213
212
212
212
212
212
210
210
210
210
210
210
217
217
217
217
217
211
211
211
211
211
212
212
212
212
212
212
216
216
216
216
216
211
211
211
211
211
217
217
217
217
217
217
208
208
208
208
208
213
213
213
213
213
216
216
216
216
216
216
214
214
214
214
214
213
213
213
213
213
206
206
206
206
206
206
224
224
224
224
224
210
210
210
210
210
220
220
220
220
220
220
214
214
214
214
214
214
214
214
214
214
212
212
212
212
212
212
219
219
219
219
219
207
207
207
207
207
215
215
215
215
215
215
205
205
205
205
205
221
221
221
221
221
215
215
215
215
215
215
208
208
208
208
208
210
210
210
210
210
212
212
212
212
212
212
205
205
205
205
205
215
215
215
215
215
216
216
216
216
216
216
215
215
215
215
215
209
209
209
209
209
213
213
213
213
213
213
214
214
214
214
214
213
213
213
213
213
214
214
214
214
214
214
214
214
214
214
214
215
215
215
215
215
219
219
219
219
219
219
215
215
215
215
215
214
214
214
214
214
215
215
215
215
215
215
214
214
214
214
214
205
205
205
205
205
209
209
209
209
209
209
225
225
225
225
225
213
213
213
213
213
224
224
224
224
224
224
211
211
211
211
211
216
216
216
216
216
209
209
209
209
209
209
223
223
223
223
223
220
220
220
220
220
217
217
217
217
217
217
223
223
223
223
223
203
203
203
203
203
214
214
214
214
214
214
221
221
221
221
221
218
218
218
218
218
217
217
217
217
217
217
216
216
216
216
216
217
217
217
217
217
213
213
213
213
213
213
213
213
213
213
213
219
219
219
219
219
212
212
212
212
212
212
215
215
215
215
215
214
214
214
214
214
212
212
212
212
212
212
213
213
213
213
213
212
212
212
212
212
211
211
211
211
211
211
217
217
217
217
217
215
215
215
215
215
215
215
215
215
215
215
217
217
217
217
217
216
216
216
216
216
215
215
215
215
215
215
213
213
213
213
213
215
215
215
215
215
217
217
217
217
217
217
222
222
222
222
222
217
217
217
217
217
213
213
213
213
213
213
219
219
219
219
219
218
218
218
218
218
215
215
215
215
215
215
216
216
216
216
216
211
211
211
211
211
216
216
216
216
216
216
217
217
217
217
217
215
215
215
215
215
215
215
215
215
215
215
226
226
226
226
226
214
214
214
214
214
218
218
218
218
218
218
210
210
210
210
210
216
216
216
216
216
216
216
216
216
216
216
213
213
213
213
213
215
215
215
215
215
215
215
215
215
215
215
218
218
218
218
218
215
215
215
215
215
219
219
219
219
219
219
215
215
215
215
215
218
218
218
218
218
219
219
219
219
219
219
218
218
218
218
218
220
220
220
220
220
221
221
221
221
221
221
212
212
212
212
212
214
214
214
214
214
212
212
212
212
212
212
211
211
211
211
211
217
217
217
217
217
214
214
214
214
214
214
214
214
214
214
214
210
210
210
210
210
214
214
214
214
214
214
214
214
214
214
214
214
214
214
214
214
215
215
215
215
215
215
221
221
221
221
221
216
216
216
216
216
218
218
218
218
218
218
212
212
212
212
212
214
214
214
214
214
214
214
214
214
214
214
210
210
210
210
210
216
216
216
216
216
214
214
214
214
214
214
217
217
217
217
217
216
216
216
216
216
217
217
217
217
217
217
214
214
214
214
214
208
208
208
208
208
213
213
213
213
213
213
218
218
218
218
218
220
220
220
220
220
217
217
217
217
217
217
212
212
212
212
212
211
211
211
211
211
215
215
215
215
215
215
217
217
217
217
217
215
215
215
215
215
215
215
215
215
215
215
215
215
215
215
215
214
214
214
214
214
217
217
217
217
217
217
213
213
213
213
213
220
220
220
220
220
212
212
212
212
212
212
215
215
215
215
215
215
215
215
215
215
212
212
212
212
212
212
211
211
211
211
211
217
217
217
217
217
214
214
214
214
214
214
215
215
215
215
215
216
216
216
216
216
219
219
219
219
219
219
216
216
216
216
216
213
213
213
213
213
216
216
216
216
216
216
208
208
208
208
208
213
213
213
213
213
216
216
216
216
216
216
218
218
218
218
218
218
218
218
218
218
220
220
220
220
220
220
221
221
221
221
221
218
218
218
218
218
222
222
222
222
222
222
218
218
218
218
218
219
219
219
219
219
217
217
217
217
217
217
217
217
217
217
217
217
217
217
217
217
219
219
219
219
219
219
218
218
218
218
218
220
220
220
220
220
217
217
217
217
217
217
222
222
222
222
222
230
230
230
230
230
221
221
221
221
221
221
225
225
225
225
225
218
218
218
218
218
213
213
213
213
213
213
217
217
217
217
217
219
219
219
219
219
222
222
222
222
222
222
219
219
219
219
219
211
211
211
211
211
213
213
213
213
213
213
213
213
213
213
213
210
210
210
210
210
207
207
207
207
207
207
206
206
206
206
206
212
212
212
212
212
206
206
206
206
206
206
207
207
207
207
207
216
216
216
216
216
209
209
209
209
209
209
209
209
209
209
209
214
214
214
214
214
221
221
221
221
221
221
214
214
214
214
214
219
219
219
219
219
238
238
238
238
238
238
237
237
237
237
237
244
244
244
244
244
244
244
244
244
244
244
228
228
228
228
228
231
231
231
231
231
222
222
222
222
222
222
214
214
214
214
214
210
210
210
210
210
206
206
206
206
206
206
208
208
208
208
208
198
198
198
198
198
209
209
209
209
209
209
213
213
213
213
213
214
214
214
214
214
225
225
225
225
225
225
219
219
219
219
219
230
230
230
230
230
230
230
230
230
230
230
230
230
230
230
230
232
232
232
232
232
233
233
233
233
233
233
238
238
238
238
238
236
236
236
236
236
236
236
236
236
236
236
236
236
236
236
236
232
232
232
232
232
237
237
237
237
237
237
234
234
234
234
234
235
235
235
235
235
229
229
229
229
229
229
228
228
228
228
228
226
226
226
226
226
227
227
227
227
227
227
234
234
234
234
234
233
233
233
233
233
220
220
220
220
220
220
233
233
233
233
233
218
218
218
218
218
222
222
222
222
222
222
215
215
215
215
215
216
216
216
216
216
214
214
214
214
214
214
216
216
216
216
216
212
212
212
212
212
214
214
214
214
214
214
217
217
217
217
217
216
216
216
216
216
213
213
213
213
213
213
229
229
229
229
229
211
211
211
211
211
209
209
209
209
209
209
201
201
201
201
201
193
193
193
193
193
185
185
185
185
185
185
181
181
181
181
181
185
185
185
185
185
184
184
184
184
184
184
184
184
184
184
184
195
195
195
195
195
228
228
228
228
228
228
410
410
410
410
410
1830
1830
1830
1830
1830
3503
3503
3503
3503
3503
3503
4095
4095
4095
4095
4095
4095
4095
4095
4095
4095
4095
4095
4095
4095
4095
4095
4095
4095
4095
4095
4095
3170
3170
3170
3170
3170
1331
1331
1331
1331
1331
1331
280
280
280
280
280
201
201
201
201
201
185
185
185
185
185
185
176
176
176
176
176
179
179
179
179
179
173
173
173
173
173
173
181
181
181
181
181
179
179
179
179
179
185
185
185
185
185
185
191
191
191
191
191
220
220
220
220
220
231
231
231
231
231
231
495
495
495
495
495
1525
1525
1525
1525
1525
2658
2658
2658
2658
2658
2658
3415
3415
3415
3415
3415
3892
3892
3892
3892
3892
3936
3936
3936
3936
3936
3936
3594
3594
3594
3594
3594
2808
2808
2808
2808
2808
1748
1748
1748
1748
1748
1748
723
723
723
723
723
287
287
287
287
287
234
234
234
234
234
234
207
207
207
207
207
210
210
210
210
210
193
193
193
193
193
193
192
192
192
192
192
206
206
206
206
206
203
203
203
203
203
203
213
213
213
213
213
236
236
236
236
236
267
267
267
267
267
267
399
399
399
399
399
906
906
906
906
906
1559
1559
1559
1559
1559
1559
2141
2141
2141
2141
2141
2437
2437
2437
2437
2437
2472
2472
2472
2472
2472
2472
2174
2174
2174
2174
2174
1639
1639
1639
1639
1639
1075
1075
1075
1075
1075
1075
513
513
513
513
513
311
311
311
311
311
261
261
261
261
261
261
230
230
230
230
230
226
226
226
226
226
215
215
215
215
215
215
225
225
225
225
225
216
216
216
216
216
234
234
234
234
234
234
268
268
268
268
268
382
382
382
382
382
979
979
979
979
979
979
1973
1973
1973
1973
1973
2927
2927
2927
2927
2927
3704
3704
3704
3704
3704
3704
4095
4095
4095
4095
4095
4095
4095
4095
4095
4095
3768
3768
3768
3768
3768
3768
2733
2733
2733
2733
2733
1316
1316
1316
1316
1316
322
322
322
322
322
322
233
233
233
233
233
198
198
198
198
198
187
187
187
187
187
187
177
177
177
177
177
183
183
183
183
183
183
183
183
183
183
183
191
191
191
191
191
194
194
194
194
194
215
215
215
215
215
215
212
212
212
212
212
230
230
230
230
230
240
240
240
240
240
240
233
233
233
233
233
214
214
214
214
214
205
205
205
205
205
205
199
199
199
199
199
195
195
195
195
195
186
186
186
186
186
186
182
182
182
182
182
186
186
186
186
186
182
182
182
182
182
182
178
178
178
178
178
190
190
190
190
190
194
194
194
194
194
194
206
206
206
206
206
196
196
196
196
196
229
229
229
229
229
229
265
265
265
265
265
339
339
339
339
339
584
584
584
584
584
584
908
908
908
908
908
1150
1150
1150
1150
1150
1293
1293
1293
1293
1293
1293
1435
1435
1435
1435
1435
1633
1633
1633
1633
1633
2069
2069
2069
2069
2069
2069
2586
2586
2586
2586
2586
3128
3128
3128
3128
3128
3731
3731
3731
3731
3731
3731
4095
4095
4095
4095
4095
4095
4095
4095
4095
4095
4095
4095
4095
4095
4095
4095
4095
4095
4095
4095
4095
4095
4095
4095
4095
4095
4095
4095
4095
4095
4095
4095
3703
3703
3703
3703
3703
3313
3313
3313
3313
3313
3105
3105
3105
3105
3105
3105
3223
3223
3223
3223
3223
3536
3536
3536
3536
3536
3835
3835
3835
3835
3835
3835
3896
3896
3896
3896
3896
3458
3458
3458
3458
3458
2206
2206
2206
2206
2206
2206
534
534
534
534
534
217
217
217
217
217
187
187
187
187
187
187
175
175
175
175
175
177
177
177
177
177
175
175
175
175
175
175
174
174
174
174
174
185
185
185
185
185
200
200
200
200
200
200
249
249
249
249
249
844
844
844
844
844
2312
2312
2312
2312
2312
2312
3367
3367
3367
3367
3367
3746
3746
3746
3746
3746
3479
3479
3479
3479
3479
3479
2654
2654
2654
2654
2654
1565
1565
1565
1565
1565
679
679
679
679
679
679
295
295
295
295
295
256
256
256
256
256
267
267
267
267
267
267
234
234
234
234
234
257
257
257
257
257
243
243
243
243
243
243
255
255
255
255
255
269
269
269
269
269
270
270
270
270
270
270
279
279
279
279
279
333
333
333
333
333
402
402
402
402
402
402
665
665
665
665
665
958
958
958
958
958
1304
1304
1304
1304
1304
1304
1521
1521
1521
1521
1521
1712
1712
1712
1712
1712
1723
1723
1723
1723
1723
1723
1584
1584
1584
1584
1584
1479
1479
1479
1479
1479
1355
1355
1355
1355
1355
1355
1283
1283
1283
1283
1283
1338
1338
1338
1338
1338
1524
1524
1524
1524
1524
1524
1896
1896
1896
1896
1896
2523
2523
2523
2523
2523
3338
3338
3338
3338
3338
3338
4095
4095
4095
4095
4095
4095
4095
4095
4095
4095
4095
4095
4095
4095
4095
4095
4095
4095
4095
4095
4095
4095
4095
4095
4095
4095
4095
4095
4095
4095
4095
4095
4095
4095
4095
4095
4095
3981
3981
3981
3981
3981
3137
3137
3137
3137
3137
3137
2150
2150
2150
2150
2150
1199
1199
1199
1199
1199
449
449
449
449
449
449
272
272
272
272
272
258
258
258
258
258
236
236
236
236
236
236
235
235
235
235
235
236
236
236
236
236
244
244
244
244
244
244
257
257
257
257
257
280
280
280
280
280
275
275
275
275
275
275
295
295
295
295
295
291
291
291
291
291
279
279
279
279
279
279
263
263
263
263
263
269
269
269
269
269
265
265
265
265
265
265
272
272
272
272
272
280
280
280
280
280
277
277
277
277
277
277
269
269
269
269
269
243
243
243
243
243
222
222
222
222
222
222
206
206
206
206
206
199
199
199
199
199
195
195
195
195
195
195
193
193
193
193
193
196
196
196
196
196
198
198
198
198
198
198
211
211
211
211
211
233
233
233
233
233
300
300
300
300
300
300
607
607
607
607
607
1237
1237
1237
1237
1237
1752
1752
1752
1752
1752
1752
1897
1897
1897
1897
1897
1704
1704
1704
1704
1704
1256
1256
1256
1256
1256
1256
691
691
691
691
691
354
354
354
354
354
270
270
270
270
270
270
222
222
222
222
222
215
215
215
215
215
206
206
206
206
206
206
205
205
205
205
205
211
211
211
211
211
207
207
207
207
207
207
211
211
211
211
211
218
218
218
218
218
225
225
225
225
225
225
235
235
235
235
235
247
247
247
247
247
269
269
269
269
269
269
291
291
291
291
291
301
301
301
301
301
336
336
336
336
336
336
327
327
327
327
327
329
329
329
329
329
307
307
307
307
307
307
272
272
272
272
272
260
260
260
260
260
238
238
238
238
238
238
232
232
232
232
232
233
233
233
233
233
247
247
247
247
247
247
234
234
234
234
234
237
237
237
237
237
243
243
243
243
243
243
251
251
251
251
251
258
258
258
258
258
260
260
260
260
260
260
252
252
252
252
252
258
258
258
258
258
278
278
278
278
278
278
266
266
266
266
266
262
262
262
262
262
276
276
276
276
276
276
273
273
273
273
273
298
298
298
298
298
255
255
255
255
255
255
271
271
271
271
271
267
267
267
267
267
263
263
263
263
263
263
262
262
262
262
262
272
272
272
272
272
289
289
289
289
289
289
334
334
334
334
334
367
367
367
367
367
426
426
426
426
426
426
471
471
471
471
471
495
495
495
495
495
478
478
478
478
478
478
431
431
431
431
431
383
383
383
383
383
317
317
317
317
317
317
293
293
293
293
293
262
262
262
262
262
261
261
261
261
261
261
252
252
252
252
252
261
261
261
261
261
246
246
246
246
246
246
267
267
267
267
267
277
277
277
277
277
273
273
273
273
273
273
290
290
290
290
290
299
299
299
299
299
300
300
300
300
300
300
302
302
302
302
302
313
313
313
313
313
275
275
275
275
275
275
258
258
258
258
258
272
272
272
272
272
255
255
255
255
255
255
245
245
245
245
245
228
228
228
228
228
238
238
238
238
238
238
222
222
222
222
222
246
246
246
246
246
239
239
239
239
239
239
231
231
231
231
231
238
238
238
238
238
236
236
236
236
236
236
265
265
265
265
265
254
254
254
254
254
296
296
296
296
296
296
312
312
312
312
312
338
338
338
338
338
334
334
334
334
334
334
340
340
340
340
340
332
332
332
332
332
312
312
312
312
312
312
311
311
311
311
311
305
305
305
305
305
286
286
286
286
286
286
273
273
273
273
273
272
272
272
272
272
269
269
269
269
269
269
273
273
273
273
273
287
287
287
287
287
292
292
292
292
292
292
296
296
296
296
296
309
309
309
309
309
326
326
326
326
326
326
358
358
358
358
358
402
402
402
402
402
483
483
483
483
483
483
595
595
595
595
595
685
685
685
685
685
713
713
713
713
713
713
727
727
727
727
727
694
694
694
694
694
570
570
570
570
570
570
467
467
467
467
467
365
365
365
365
365
323
323
323
323
323
323
275
275
275
275
275
263
263
263
263
263
254
254
254
254
254
254
261
261
261
261
261
286
286
286
286
286
313
313
313
313
313
313
369
369
369
369
369
461
461
461
461
461
544
544
544
544
544
544
615
615
615
615
615
588
588
588
588
588
442
442
442
442
442
442
348
348
348
348
348
295
295
295
295
295
276
276
276
276
276
276
250
250
250
250
250
245
245
245
245
245
240
240
240
240
240
240
227
227
227
227
227
234
234
234
234
234
233
233
233
233
233
233
236
236
236
236
236
250
250
250
250
250
255
255
255
255
255
255
253
253
253
253
253
254
254
254
254
254
264
264
264
264
264
264
258
258
258
258
258
261
261
261
261
261
263
263
263
263
263
263
258
258
258
258
258
255
255
255
255
255
264
264
264
264
264
264
255
255
255
255
255
243
243
243
243
243
248
248
248
248
248
248
247
247
247
247
247
246
246
246
246
246
238
238
238
238
238
238
261
261
261
261
261
252
252
252
252
252
258
258
258
258
258
258
260
260
260
260
260
269
269
269
269
269
275
275
275
275
275
275
263
263
263
263
263
271
271
271
271
271
271
271
271
271
271
271
276
276
276
276
276
287
287
287
287
287
287
287
287
287
287
287
281
281
281
281
281
293
293
293
293
293
296
296
296
296
296
296
308
308
308
308
308
320
320
320
320
320
351
351
351
351
351
351
345
345
345
345
345
339
339
339
339
339
335
335
335
335
335
335
319
319
319
319
319
294
294
294
294
294
277
277
277
277
277
277
278
278
278
278
278
263
263
263
263
263
264
264
264
264
264
264
260
260
260
260
260
257
257
257
257
257
280
280
280
280
280
280
310
310
310
310
310
331
331
331
331
331
383
383
383
383
383
383
414
414
414
414
414
397
397
397
397
397
356
356
356
356
356
356
312
312
312
312
312
291
291
291
291
291
256
256
256
256
256
256
249
249
249
249
249
239
239
239
239
239
239
239
239
239
239
239
243
243
243
243
243
255
255
255
255
255
246
246
246
246
246
246
281
281
281
281
281
314
314
314
314
314
328
328
328
328
328
328
333
333
333
333
333
299
299
299
299
299
284
284
284
284
284
284
270
270
270
270
270
248
248
248
248
248
241
241
241
241
241
241
243
243
243
243
243
224
224
224
224
224
233
233
233
233
233
233
247
247
247
247
247
251
251
251
251
251
281
281
281
281
281
281
287
287
287
287
287
287
287
287
287
287
296
296
296
296
296
296
276
276
276
276
276
266
266
266
266
266
250
250
250
250
250
250
235
235
235
235
235
223
223
223
223
223
223
223
223
223
223
223
225
225
225
225
225
235
235
235
235
235
246
246
246
246
246
246
253
253
253
253
253
280
280
280
280
280
266
266
266
266
266
266
285
285
285
285
285
288
288
288
288
288
271
271
271
271
271
271
272
272
272
272
272
271
271
271
271
271
262
262
262
262
262
262
261
261
261
261
261
276
276
276
276
276
272
272
272
272
272
272
276
276
276
276
276
287
287
287
287
287
291
291
291
291
291
291
283
283
283
283
283
285
285
285
285
285
275
275
275
275
275
275
272
272
272
272
272
264
264
264
264
264
253
253
253
253
253
253
269
269
269
269
269
259
259
259
259
259
283
283
283
283
283
283
297
297
297
297
297
314
314
314
314
314
315
315
315
315
315
315
323
323
323
323
323
300
300
300
300
300
290
290
290
290
290
290
265
265
265
265
265
266
266
266
266
266
269
269
269
269
269
269
261
261
261
261
261
272
272
272
272
272
279
279
279
279
279
279
297
297
297
297
297
306
306
306
306
306
329
329
329
329
329
329
350
350
350
350
350
347
347
347
347
347
319
319
319
319
319
319
291
291
291
291
291
273
273
273
273
273
272
272
272
272
272
272
261
261
261
261
261
263
263
263
263
263
260
260
260
260
260
260
255
255
255
255
255
265
265
265
265
265
257
257
257
257
257
257
288
288
288
288
288
282
282
282
282
282
325
325
325
325
325
325
332
332
332
332
332
355
355
355
355
355
382
382
382
382
382
382
388
388
388
388
388
405
405
405
405
405
355
355
355
355
355
355
330
330
330
330
330
304
304
304
304
304
288
288
288
288
288
288
277
277
277
277
277
275
275
275
275
275
278
278
278
278
278
278
274
274
274
274
274
293
293
293
293
293
296
296
296
296
296
296
305
305
305
305
305
303
303
303
303
303
330
330
330
330
330
330
327
327
327
327
327
295
295
295
295
295
295
295
295
295
295
295
279
279
279
279
279
257
257
257
257
257
262
262
262
262
262
262
264
264
264
264
264
262
262
262
262
262
267
267
267
267
267
267
269
269
269
269
269
262
262
262
262
262
265
265
265
265
265
265
263
263
263
263
263
270
270
270
270
270
267
267
267
267
267
267
260
260
260
260
260
253
253
253
253
253
238
238
238
238
238
238
246
246
246
246
246
228
228
228
228
228
237
237
237
237
237
237
227
227
227
227
227
241
241
241
241
241
244
244
244
244
244
244
242
242
242
242
242
247
247
247
247
247
240
240
240
240
240
240
238
238
238
238
238
246
246
246
246
246
243
243
243
243
243
243
244
244
244
244
244
234
234
234
234
234
237
237
237
237
237
237
236
236
236
236
236
227
227
227
227
227
224
224
224
224
224
224
223
223
223
223
223
228
228
228
228
228
225
225
225
225
225
225
225
225
225
225
225
240
240
240
240
240
243
243
243
243
243
243
236
236
236
236
236
245
245
245
245
245
260
260
260
260
260
260
265
265
265
265
265
272
272
272
272
272
275
275
275
275
275
275
272
272
272
272
272
273
273
273
273
273
256
256
256
256
256
256
231
231
231
231
231
250
250
250
250
250
239
239
239
239
239
239
245
245
245
245
245
253
253
253
253
253
244
244
244
244
244
244
253
253
253
253
253
254
254
254
254
254
261
261
261
261
261
261
272
272
272
272
272
259
259
259
259
259
266
266
266
266
266
266
278
278
278
278
278
255
255
255
255
255
249
249
249
249
249
249
249
249
249
249
249
235
235
235
235
235
244
244
244
244
244
244
248
248
248
248
248
243
243
243
243
243
258
258
258
258
258
258
241
241
241
241
241
239
239
239
239
239
237
237
237
237
237
237
238
238
238
238
238
229
229
229
229
229
229
229
229
229
229
229
234
234
234
234
234
238
238
238
238
238
247
247
247
247
247
247
240
240
240
240
240
242
242
242
242
242
240
240
240
240
240
240
246
246
246
246
246
240
240
240
240
240
247
247
247
247
247
247
236
236
236
236
236
252
252
252
252
252
234
234
234
234
234
234
254
254
254
254
254
244
244
244
244
244
242
242
242
242
242
242
246
246
246
246
246
263
263
263
263
263
255
255
255
255
255
255
254
254
254
254
254
257
257
257
257
257
237
237
237
237
237
237
250
250
250
250
250
255
255
255
255
255
275
275
275
275
275
275
289
289
289
289
289
279
279
279
279
279
278
278
278
278
278
278
299
299
299
299
299
264
264